# L5 flavor corrections for IC5 algorithm 
# [gJ] (gluons from diJet mixture) 
# [bJ] (b quark from diJet mixture) 
# [cJ] (c quark from diJet mixture) 
# [qJ] (uds quarks from diJet mixture) 
# [udJ] (ud quark from diJet mixture) 
# [uJ] (u quark from diJet mixture) 
# [dJ] (d quark from diJet mixture) 
# [gT] (gluons from ttbar events) 
# [qT] (uds quarks from ttbar events) 
# [cT] (c quark from ttbar events) 
# [bT] (b quark from ttbar events) 
# energy mapping: ptGen = (pt - p5)/p6 
# parametrization: p2+p3*logPt+p4*logPt^2, constant if Pt<p0 or Pt>p1 
#etamin  etamax  #ofparameters  ptmin  ptmax    p2         p3        p4     mapping: p5        p6 
[bJ]
{1 JetEta 1 JetPt ([0]+[1]*log10(x)+[2]*pow(log10(x),2)+[3]*pow(log10(x),3)+[4]*pow(log10(x),4)) Correction L5Flavor}
     -5.191      -2.964           7  27.5348254 154.0377835     2.7819797    -2.8662946      1.537997    -0.2690532           0.0 
     -2.964        -2.5           7  27.6418689 173.0439818     1.4837203    -0.6943472      0.346685    -0.0570616           0.0 
       -2.5      -2.172           7  28.2331692 221.7944058      0.711817     0.4676288    -0.2378536     0.0404625           0.0 
     -2.172      -2.043           7  27.4506771 228.0955234     1.1401036    -0.1046399     0.0194119     0.0016734           0.0 
     -2.043       -1.93           7  27.5361458 260.1076154      0.175846      1.264264    -0.6144289     0.0973556           0.0 
      -1.93       -1.74           7  27.5373199 469.2852344     1.3770673    -0.4397206     0.1775165    -0.0237615           0.0 
      -1.74      -1.566           7  27.6709216 603.9022968     1.0969622    -0.0590831     0.0091784     0.0004625           0.0 
     -1.566      -1.305           7  27.5574031 639.2646398     0.6218563     0.6177248    -0.2945451     0.0438302           0.0 
     -1.305      -1.044           7  27.3101651 619.0113056     1.0308485     0.0302135    -0.0246283     0.0037134           0.0 
     -1.044      -0.783           7  27.4177528 998.2479406     0.9688095     0.1277334      -0.07571     0.0120955           0.0 
     -0.783      -0.522           7  27.3407588  872.302749     0.8439136      0.290829    -0.1467103     0.0220496           0.0 
     -0.522      -0.261           7  27.6561675 913.2565142     0.8050185     0.3318048    -0.1605575      0.023536           0.0 
     -0.261        -0.0           7  27.6714918 882.4070412     0.7649387     0.3810276    -0.1809601     0.0263176           0.0 
        0.0       0.261           7  27.6714918 882.4070412     0.7649387     0.3810276    -0.1809601     0.0263176           0.0 
      0.261       0.522           7  27.6561675 913.2565142     0.8050185     0.3318048    -0.1605575      0.023536           0.0 
      0.522       0.783           7  27.3407588  872.302749     0.8439136      0.290829    -0.1467103     0.0220496           0.0 
      0.783       1.044           7  27.4177528 998.2479406     0.9688095     0.1277334      -0.07571     0.0120955           0.0 
      1.044       1.305           7  27.3101651 619.0113056     1.0308485     0.0302135    -0.0246283     0.0037134           0.0 
      1.305       1.566           7  27.5574031 639.2646398     0.6218563     0.6177248    -0.2945451     0.0438302           0.0 
      1.566        1.74           7  27.6709216 603.9022968     1.0969622    -0.0590831     0.0091784     0.0004625           0.0 
       1.74        1.93           7  27.5373199 469.2852344     1.3770673    -0.4397206     0.1775165    -0.0237615           0.0 
       1.93       2.043           7  27.5361458 260.1076154      0.175846      1.264264    -0.6144289     0.0973556           0.0 
      2.043       2.172           7  27.4506771 228.0955234     1.1401036    -0.1046399     0.0194119     0.0016734           0.0 
      2.172         2.5           7  28.2331692 221.7944058      0.711817     0.4676288    -0.2378536     0.0404625           0.0 
        2.5       2.964           7  27.6418689 173.0439818     1.4837203    -0.6943472      0.346685    -0.0570616           0.0 
      2.964       5.191           7  27.5348254 154.0377835     2.7819797    -2.8662946      1.537997    -0.2690532           0.0 
[cJ]
{1 JetEta 1 JetPt ([0]+[1]*log10(x)+[2]*pow(log10(x),2)+[3]*pow(log10(x),3)+[4]*pow(log10(x),4)) Correction L5Flavor}
     -5.191      -2.964           7  28.8304615  131.262883     2.1060046    -1.9425393     1.1114507    -0.2054954           0.0 
     -2.964        -2.5           7  28.7890315 379.3976945     1.0382562    -0.1685395     0.1261952    -0.0241741           0.0 
       -2.5      -2.172           7  28.8062044 329.0669831     0.9141305     0.0566619     0.0013134    -0.0027449           0.0 
     -2.172      -2.043           7  28.1184673 228.0217811     1.1744668    -0.2712586     0.1373379    -0.0216947           0.0 
     -2.043       -1.93           7  27.9706871 630.6787138     1.1213232    -0.2006727     0.1054756    -0.0165818           0.0 
      -1.93       -1.74           7   28.033963  622.206258     1.2683457    -0.3756836     0.1718054    -0.0249525           0.0 
      -1.74      -1.566           7  28.3197396 773.6165589     1.0958421    -0.1499589     0.0742536    -0.0111466           0.0 
     -1.566      -1.305           7  28.2483271 610.6265743     0.9856719     0.0156591    -0.0020617    -0.0001047           0.0 
     -1.305      -1.044           7  28.1531308 830.2863208       0.83735     0.2182654    -0.0930481     0.0132132           0.0 
     -1.044      -0.783           7  27.8933476 837.2034029     0.9467351     0.0774721    -0.0347571     0.0051456           0.0 
     -0.783      -0.522           7  27.9436826 845.0939406     0.9473809     0.0746646     -0.032335     0.0045776           0.0 
     -0.522      -0.261           7  28.0296294 1388.0041477     0.9123001     0.1141578    -0.0454698      0.005793           0.0 
     -0.261        -0.0           7  27.8548169 843.1231472     1.0298284    -0.0438182     0.0222276    -0.0035398           0.0 
        0.0       0.261           7  27.8548169 843.1231472     1.0298284    -0.0438182     0.0222276    -0.0035398           0.0 
      0.261       0.522           7  28.0296294 1388.0041477     0.9123001     0.1141578    -0.0454698      0.005793           0.0 
      0.522       0.783           7  27.9436826 845.0939406     0.9473809     0.0746646     -0.032335     0.0045776           0.0 
      0.783       1.044           7  27.8933476 837.2034029     0.9467351     0.0774721    -0.0347571     0.0051456           0.0 
      1.044       1.305           7  28.1531308 830.2863208       0.83735     0.2182654    -0.0930481     0.0132132           0.0 
      1.305       1.566           7  28.2483271 610.6265743     0.9856719     0.0156591    -0.0020617    -0.0001047           0.0 
      1.566        1.74           7  28.3197396 773.6165589     1.0958421    -0.1499589     0.0742536    -0.0111466           0.0 
       1.74        1.93           7   28.033963  622.206258     1.2683457    -0.3756836     0.1718054    -0.0249525           0.0 
       1.93       2.043           7  27.9706871 630.6787138     1.1213232    -0.2006727     0.1054756    -0.0165818           0.0 
      2.043       2.172           7  28.1184673 228.0217811     1.1744668    -0.2712586     0.1373379    -0.0216947           0.0 
      2.172         2.5           7  28.8062044 329.0669831     0.9141305     0.0566619     0.0013134    -0.0027449           0.0 
        2.5       2.964           7  28.7890315 379.3976945     1.0382562    -0.1685395     0.1261952    -0.0241741           0.0 
      2.964       5.191           7  28.8304615  131.262883     2.1060046    -1.9425393     1.1114507    -0.2054954           0.0 
[uJ]
{1 JetEta 1 JetPt ([0]+[1]*log10(x)+[2]*pow(log10(x),2)+[3]*pow(log10(x),3)+[4]*pow(log10(x),4)) Correction L5Flavor}
     -5.191      -2.964           7  30.0637403 228.0488546     0.7011937     0.3227749    -0.1286229     0.0187397           0.0 
     -2.964        -2.5           7  30.5097432 551.4321274     0.7567897     0.0992655     0.0253133    -0.0105581           0.0 
       -2.5      -2.172           7  30.3120487 444.7622163     0.8447777      0.053987     0.0098391    -0.0031961           0.0 
     -2.172      -2.043           7   29.939312 826.0238795      0.989734    -0.1544289     0.1091475    -0.0188955           0.0 
     -2.043       -1.93           7  29.7937029 611.1137881     1.0761154    -0.2380435     0.1310045    -0.0200723           0.0 
      -1.93       -1.74           7  29.6179241  613.442951     1.2025016    -0.3784478     0.1819319    -0.0261703           0.0 
      -1.74      -1.566           7    29.49274 1210.5022871     1.1218123     -0.286974     0.1470151    -0.0217265           0.0 
     -1.566      -1.305           7  29.5754783 1411.3563444     1.0937459    -0.2309045     0.1167017    -0.0169429           0.0 
     -1.305      -1.044           7  29.4852506 839.9218134      0.842015     0.0999411    -0.0217849     0.0017962           0.0 
     -1.044      -0.783           7  29.2629711 1142.2104546     0.9367366    -0.0083539     0.0204907    -0.0038112           0.0 
     -0.783      -0.522           7  29.0947499 1147.6679505     0.8537131     0.1141443    -0.0358133     0.0044464           0.0 
     -0.522      -0.261           7  29.0019914 1153.7092368     0.9458758    -0.0023774     0.0126788    -0.0022028           0.0 
     -0.261        -0.0           7  28.9629636 1149.7587456     0.9018586     0.0491077    -0.0065815      7.22e-05           0.0 
        0.0       0.261           7  28.9629636 1149.7587456     0.9018586     0.0491077    -0.0065815      7.22e-05           0.0 
      0.261       0.522           7  29.0019914 1153.7092368     0.9458758    -0.0023774     0.0126788    -0.0022028           0.0 
      0.522       0.783           7  29.0947499 1147.6679505     0.8537131     0.1141443    -0.0358133     0.0044464           0.0 
      0.783       1.044           7  29.2629711 1142.2104546     0.9367366    -0.0083539     0.0204907    -0.0038112           0.0 
      1.044       1.305           7  29.4852506 839.9218134      0.842015     0.0999411    -0.0217849     0.0017962           0.0 
      1.305       1.566           7  29.5754783 1411.3563444     1.0937459    -0.2309045     0.1167017    -0.0169429           0.0 
      1.566        1.74           7    29.49274 1210.5022871     1.1218123     -0.286974     0.1470151    -0.0217265           0.0 
       1.74        1.93           7  29.6179241  613.442951     1.2025016    -0.3784478     0.1819319    -0.0261703           0.0 
       1.93       2.043           7  29.7937029 611.1137881     1.0761154    -0.2380435     0.1310045    -0.0200723           0.0 
      2.043       2.172           7   29.939312 826.0238795      0.989734    -0.1544289     0.1091475    -0.0188955           0.0 
      2.172         2.5           7  30.3120487 444.7622163     0.8447777      0.053987     0.0098391    -0.0031961           0.0 
        2.5       2.964           7  30.5097432 551.4321274     0.7567897     0.0992655     0.0253133    -0.0105581           0.0 
      2.964       5.191           7  30.0637403 228.0488546     0.7011937     0.3227749    -0.1286229     0.0187397           0.0 
[dJ]
{1 JetEta 1 JetPt ([0]+[1]*log10(x)+[2]*pow(log10(x),2)+[3]*pow(log10(x),3)+[4]*pow(log10(x),4)) Correction L5Flavor}
     -5.191      -2.964           7   30.360357 169.3742137     0.6303602      0.411996     -0.167824     0.0247461           0.0 
     -2.964        -2.5           7  30.4987912 384.1112523     1.0273253    -0.3084221     0.2255231    -0.0427826           0.0 
       -2.5      -2.172           7  30.3313953 609.4278458      1.017735    -0.2170977     0.1476392    -0.0260119           0.0 
     -2.172      -2.043           7  29.7976017 601.1910221     1.1164484    -0.3461198     0.2029393    -0.0338614           0.0 
     -2.043       -1.93           7  29.8097047 606.2130142      0.971692    -0.1105841     0.0806678    -0.0135364           0.0 
      -1.93       -1.74           7  29.4508943 846.2011433     1.1782146    -0.3645339     0.1849439    -0.0279383           0.0 
      -1.74      -1.566           7  29.8895982 619.0120449     0.9838684    -0.0948425     0.0612463    -0.0093867           0.0 
     -1.566      -1.305           7  29.6587224 831.6952173      1.025179    -0.1376212     0.0758539    -0.0110459           0.0 
     -1.305      -1.044           7  29.1872743 839.2119829     0.9116742      0.003729     0.0199483     -0.003999           0.0 
     -1.044      -0.783           7  29.4929989 840.3410151      0.862781     0.0840553    -0.0187204     0.0017739           0.0 
     -0.783      -0.522           7  29.1054371 843.8326516      0.841029     0.1318553    -0.0454154      0.006172           0.0 
     -0.522      -0.261           7  29.0269604 1141.8244041     0.9132907     0.0371363    -0.0032264     -9.08e-05           0.0 
     -0.261        -0.0           7  29.1190098 1144.6646271     0.8375221     0.1322562    -0.0409191     0.0046496           0.0 
        0.0       0.261           7  29.1190098 1144.6646271     0.8375221     0.1322562    -0.0409191     0.0046496           0.0 
      0.261       0.522           7  29.0269604 1141.8244041     0.9132907     0.0371363    -0.0032264     -9.08e-05           0.0 
      0.522       0.783           7  29.1054371 843.8326516      0.841029     0.1318553    -0.0454154      0.006172           0.0 
      0.783       1.044           7  29.4929989 840.3410151      0.862781     0.0840553    -0.0187204     0.0017739           0.0 
      1.044       1.305           7  29.1872743 839.2119829     0.9116742      0.003729     0.0199483     -0.003999           0.0 
      1.305       1.566           7  29.6587224 831.6952173      1.025179    -0.1376212     0.0758539    -0.0110459           0.0 
      1.566        1.74           7  29.8895982 619.0120449     0.9838684    -0.0948425     0.0612463    -0.0093867           0.0 
       1.74        1.93           7  29.4508943 846.2011433     1.1782146    -0.3645339     0.1849439    -0.0279383           0.0 
       1.93       2.043           7  29.8097047 606.2130142      0.971692    -0.1105841     0.0806678    -0.0135364           0.0 
      2.043       2.172           7  29.7976017 601.1910221     1.1164484    -0.3461198     0.2029393    -0.0338614           0.0 
      2.172         2.5           7  30.3313953 609.4278458      1.017735    -0.2170977     0.1476392    -0.0260119           0.0 
        2.5       2.964           7  30.4987912 384.1112523     1.0273253    -0.3084221     0.2255231    -0.0427826           0.0 
      2.964       5.191           7   30.360357 169.3742137     0.6303602      0.411996     -0.167824     0.0247461           0.0 
[gJ]
{1 JetEta 1 JetPt ([0]+[1]*log10(x)+[2]*pow(log10(x),2)+[3]*pow(log10(x),3)+[4]*pow(log10(x),4)) Correction L5Flavor}
     -5.191      -2.964           7  28.5307543 125.7079715     1.3537641    -0.6665288     0.4040712    -0.0742818           0.0 
     -2.964        -2.5           7  28.2847078 252.0822414     0.9768599    -0.0404707     0.0642489    -0.0154964           0.0 
       -2.5      -2.172           7  28.1613925 318.9360813     1.1125804    -0.1815036     0.0983459     -0.015241           0.0 
     -2.172      -2.043           7  27.7243493 673.5942489     1.2431235    -0.3616444     0.1779923    -0.0268848           0.0 
     -2.043       -1.93           7  27.8548016 430.6998745      1.198678    -0.2932834     0.1426458    -0.0210488           0.0 
      -1.93       -1.74           7  27.8745726 586.6532675     1.0360473    -0.0439243     0.0202743    -0.0018089           0.0 
      -1.74      -1.566           7  28.0895403  594.189331     1.0481922    -0.0865781     0.0504869    -0.0079603           0.0 
     -1.566      -1.305           7  27.9068824 596.7509209     1.0083466    -0.0112142     0.0064478    -0.0001103           0.0 
     -1.305      -1.044           7  27.6997202 807.9557703     1.0619237     -0.080557      0.036428    -0.0046005           0.0 
     -1.044      -0.783           7  27.7085505  815.774092     1.0604158    -0.0775524     0.0351712    -0.0046719           0.0 
     -0.783      -0.522           7  27.6985788 1111.1517698     1.0249111    -0.0295015     0.0144167    -0.0019217           0.0 
     -0.522      -0.261           7  27.6877075 1341.355881     1.0482534     -0.059709     0.0272287    -0.0037693           0.0 
     -0.261        -0.0           7  27.6947657 1115.7092811     1.0293038    -0.0355161     0.0176643    -0.0025975           0.0 
        0.0       0.261           7  27.6947657 1115.7092811     1.0293038    -0.0355161     0.0176643    -0.0025975           0.0 
      0.261       0.522           7  27.6877075 1341.355881     1.0482534     -0.059709     0.0272287    -0.0037693           0.0 
      0.522       0.783           7  27.6985788 1111.1517698     1.0249111    -0.0295015     0.0144167    -0.0019217           0.0 
      0.783       1.044           7  27.7085505  815.774092     1.0604158    -0.0775524     0.0351712    -0.0046719           0.0 
      1.044       1.305           7  27.6997202 807.9557703     1.0619237     -0.080557      0.036428    -0.0046005           0.0 
      1.305       1.566           7  27.9068824 596.7509209     1.0083466    -0.0112142     0.0064478    -0.0001103           0.0 
      1.566        1.74           7  28.0895403  594.189331     1.0481922    -0.0865781     0.0504869    -0.0079603           0.0 
       1.74        1.93           7  27.8745726 586.6532675     1.0360473    -0.0439243     0.0202743    -0.0018089           0.0 
       1.93       2.043           7  27.8548016 430.6998745      1.198678    -0.2932834     0.1426458    -0.0210488           0.0 
      2.043       2.172           7  27.7243493 673.5942489     1.2431235    -0.3616444     0.1779923    -0.0268848           0.0 
      2.172         2.5           7  28.1613925 318.9360813     1.1125804    -0.1815036     0.0983459     -0.015241           0.0 
        2.5       2.964           7  28.2847078 252.0822414     0.9768599    -0.0404707     0.0642489    -0.0154964           0.0 
      2.964       5.191           7  28.5307543 125.7079715     1.3537641    -0.6665288     0.4040712    -0.0742818           0.0 
[sJ]
{1 JetEta 1 JetPt ([0]+[1]*log10(x)+[2]*pow(log10(x),2)+[3]*pow(log10(x),3)+[4]*pow(log10(x),4)) Correction L5Flavor}
     -5.191      -2.964           7  30.6536602 104.2042967    -0.3224274     2.0790724    -1.1517201     0.2182345           0.0 
     -2.964        -2.5           7   30.140464 262.3555674     1.3700533     -0.769939     0.4450396    -0.0787933           0.0 
       -2.5      -2.172           7  29.6007222 226.8979039     0.8589085     0.0760757    -0.0032936    -0.0016373           0.0 
     -2.172      -2.043           7  29.1442838 170.2477015     0.9572186     -0.055281     0.0573904    -0.0116535           0.0 
     -2.043       -1.93           7  28.8271286 339.2863942     1.1715227    -0.3106809     0.1516611    -0.0220178           0.0 
      -1.93       -1.74           7  29.1798394 484.5897352     1.2699966    -0.4808989     0.2448838    -0.0385653           0.0 
      -1.74      -1.566           7  29.2285733 611.2520118     0.8214765     0.1728552    -0.0646269     0.0089765           0.0 
     -1.566      -1.305           7  28.9955126 612.5833168     0.7103914     0.3423065    -0.1419191     0.0203825           0.0 
     -1.305      -1.044           7  28.6023216  610.266884     0.6265621      0.456022    -0.1867657     0.0256086           0.0 
     -1.044      -0.783           7  28.3794589 616.2156835     0.6554435     0.4068017    -0.1585084     0.0206043           0.0 
     -0.783      -0.522           7  28.6768024 978.8322635     0.6977434     0.3433872    -0.1275325     0.0156314           0.0 
     -0.522      -0.261           7  28.4906244 1043.6573783     0.7130271     0.3331286    -0.1256894     0.0155724           0.0 
     -0.261        -0.0           7  28.1603862 831.6668667     0.7457421     0.2841697    -0.1028809     0.0121133           0.0 
        0.0       0.261           7  28.1603862 831.6668667     0.7457421     0.2841697    -0.1028809     0.0121133           0.0 
      0.261       0.522           7  28.4906244 1043.6573783     0.7130271     0.3331286    -0.1256894     0.0155724           0.0 
      0.522       0.783           7  28.6768024 978.8322635     0.6977434     0.3433872    -0.1275325     0.0156314           0.0 
      0.783       1.044           7  28.3794589 616.2156835     0.6554435     0.4068017    -0.1585084     0.0206043           0.0 
      1.044       1.305           7  28.6023216  610.266884     0.6265621      0.456022    -0.1867657     0.0256086           0.0 
      1.305       1.566           7  28.9955126 612.5833168     0.7103914     0.3423065    -0.1419191     0.0203825           0.0 
      1.566        1.74           7  29.2285733 611.2520118     0.8214765     0.1728552    -0.0646269     0.0089765           0.0 
       1.74        1.93           7  29.1798394 484.5897352     1.2699966    -0.4808989     0.2448838    -0.0385653           0.0 
       1.93       2.043           7  28.8271286 339.2863942     1.1715227    -0.3106809     0.1516611    -0.0220178           0.0 
      2.043       2.172           7  29.1442838 170.2477015     0.9572186     -0.055281     0.0573904    -0.0116535           0.0 
      2.172         2.5           7  29.6007222 226.8979039     0.8589085     0.0760757    -0.0032936    -0.0016373           0.0 
        2.5       2.964           7   30.140464 262.3555674     1.3700533     -0.769939     0.4450396    -0.0787933           0.0 
      2.964       5.191           7  30.6536602 104.2042967    -0.3224274     2.0790724    -1.1517201     0.2182345           0.0 
[udJ]
{1 JetEta 1 JetPt ([0]+[1]*log10(x)+[2]*pow(log10(x),2)+[3]*pow(log10(x),3)+[4]*pow(log10(x),4)) Correction L5Flavor}
     -5.191      -2.964           7  30.1770036 227.6163937     0.6381161     0.4147006    -0.1740918     0.0263223           0.0 
     -2.964        -2.5           7  30.5046514  532.407582     0.8134944     0.0188955      0.062024    -0.0160146           0.0 
       -2.5      -2.172           7  30.3210738 916.2183826     0.9771439    -0.1441799     0.1060351    -0.0183878           0.0 
     -2.172      -2.043           7  29.8713835 761.9559479     1.0173585    -0.1956644     0.1288956    -0.0219642           0.0 
     -2.043       -1.93           7  29.8016035 610.1003116     1.0136227    -0.1589812     0.0985864    -0.0157236           0.0 
      -1.93       -1.74           7  29.5375589 1031.7965376     1.1925958    -0.3720474     0.1823707    -0.0266885           0.0 
      -1.74      -1.566           7  29.6833549 1165.1763402     1.1190716    -0.2831058     0.1457896      -0.02166           0.0 
     -1.566      -1.305           7   29.616272 1535.0225404     1.0684549    -0.1966403     0.1019673    -0.0148788           0.0 
     -1.305      -1.044           7   29.337587 1130.687761     0.8878138     0.0382612     0.0044263      -0.00177           0.0 
     -1.044      -0.783           7  29.3760009 1139.5226792     0.9301027    -0.0036418     0.0191915    -0.0036383           0.0 
     -0.783      -0.522           7  29.1000764 1146.452002     0.8701049     0.0920498    -0.0269573     0.0033536           0.0 
     -0.522      -0.261           7   29.014317 1149.6710577     0.9594221    -0.0228403     0.0221524    -0.0035879           0.0 
     -0.261        -0.0           7  29.0384224 1147.9687757     0.8841914     0.0718733    -0.0159582     0.0013225           0.0 
        0.0       0.261           7  29.0384224 1147.9687757     0.8841914     0.0718733    -0.0159582     0.0013225           0.0 
      0.261       0.522           7   29.014317 1149.6710577     0.9594221    -0.0228403     0.0221524    -0.0035879           0.0 
      0.522       0.783           7  29.1000764 1146.452002     0.8701049     0.0920498    -0.0269573     0.0033536           0.0 
      0.783       1.044           7  29.3760009 1139.5226792     0.9301027    -0.0036418     0.0191915    -0.0036383           0.0 
      1.044       1.305           7   29.337587 1130.687761     0.8878138     0.0382612     0.0044263      -0.00177           0.0 
      1.305       1.566           7   29.616272 1535.0225404     1.0684549    -0.1966403     0.1019673    -0.0148788           0.0 
      1.566        1.74           7  29.6833549 1165.1763402     1.1190716    -0.2831058     0.1457896      -0.02166           0.0 
       1.74        1.93           7  29.5375589 1031.7965376     1.1925958    -0.3720474     0.1823707    -0.0266885           0.0 
       1.93       2.043           7  29.8016035 610.1003116     1.0136227    -0.1589812     0.0985864    -0.0157236           0.0 
      2.043       2.172           7  29.8713835 761.9559479     1.0173585    -0.1956644     0.1288956    -0.0219642           0.0 
      2.172         2.5           7  30.3210738 916.2183826     0.9771439    -0.1441799     0.1060351    -0.0183878           0.0 
        2.5       2.964           7  30.5046514  532.407582     0.8134944     0.0188955      0.062024    -0.0160146           0.0 
      2.964       5.191           7  30.1770036 227.6163937     0.6381161     0.4147006    -0.1740918     0.0263223           0.0 
[qJ]
{1 JetEta 1 JetPt ([0]+[1]*log10(x)+[2]*pow(log10(x),2)+[3]*pow(log10(x),3)+[4]*pow(log10(x),4)) Correction L5Flavor}
     -5.191      -2.964           7   30.218856 227.6372623     0.6157058     0.4430876    -0.1863634     0.0281394           0.0 
     -2.964        -2.5           7  30.4382732 517.6428276      0.872835    -0.0538617     0.0920129    -0.0201644           0.0 
       -2.5      -2.172           7  30.1672177 963.4094113      0.987661    -0.1431533     0.1010535    -0.0172185           0.0 
     -2.172      -2.043           7  29.7043058 789.7897999     1.0229034    -0.1867427     0.1201288    -0.0202252           0.0 
     -2.043       -1.93           7  29.5538149 610.0563716     1.0803216    -0.2316881     0.1255008    -0.0190915           0.0 
      -1.93       -1.74           7  29.4472738 1063.879521     1.1816823    -0.3467554     0.1687353     -0.024548           0.0 
      -1.74      -1.566           7   29.563484 1367.041692     1.0765184    -0.2111227     0.1106255    -0.0163621           0.0 
     -1.566      -1.305           7  29.4489084 836.2939395     0.9978269    -0.0861898     0.0509054    -0.0075094           0.0 
     -1.305      -1.044           7    29.13362 1130.1166751      0.856992     0.0987604    -0.0254702     0.0026117           0.0 
     -1.044      -0.783           7  29.0877394 1138.980938     0.8791885     0.0778651    -0.0173864     0.0013917           0.0 
     -0.783      -0.522           7  28.9750222 1145.5043287     0.8224998      0.166264    -0.0594271      0.007708           0.0 
     -0.522      -0.261           7  28.8600151 1148.3723649     0.8880467     0.0836199    -0.0242161     0.0026985           0.0 
     -0.261        -0.0           7  28.7831417 1146.7344149     0.8267434     0.1577601     -0.052824     0.0062097           0.0 
        0.0       0.261           7  28.7831417 1146.7344149     0.8267434     0.1577601     -0.052824     0.0062097           0.0 
      0.261       0.522           7  28.8600151 1148.3723649     0.8880467     0.0836199    -0.0242161     0.0026985           0.0 
      0.522       0.783           7  28.9750222 1145.5043287     0.8224998      0.166264    -0.0594271      0.007708           0.0 
      0.783       1.044           7  29.0877394 1138.980938     0.8791885     0.0778651    -0.0173864     0.0013917           0.0 
      1.044       1.305           7    29.13362 1130.1166751      0.856992     0.0987604    -0.0254702     0.0026117           0.0 
      1.305       1.566           7  29.4489084 836.2939395     0.9978269    -0.0861898     0.0509054    -0.0075094           0.0 
      1.566        1.74           7   29.563484 1367.041692     1.0765184    -0.2111227     0.1106255    -0.0163621           0.0 
       1.74        1.93           7  29.4472738 1063.879521     1.1816823    -0.3467554     0.1687353     -0.024548           0.0 
       1.93       2.043           7  29.5538149 610.0563716     1.0803216    -0.2316881     0.1255008    -0.0190915           0.0 
      2.043       2.172           7  29.7043058 789.7897999     1.0229034    -0.1867427     0.1201288    -0.0202252           0.0 
      2.172         2.5           7  30.1672177 963.4094113      0.987661    -0.1431533     0.1010535    -0.0172185           0.0 
        2.5       2.964           7  30.4382732 517.6428276      0.872835    -0.0538617     0.0920129    -0.0201644           0.0 
      2.964       5.191           7   30.218856 227.6372623     0.6157058     0.4430876    -0.1863634     0.0281394           0.0 
[aJ]
{1 JetEta 1 JetPt ([0]+[1]*log10(x)+[2]*pow(log10(x),2)+[3]*pow(log10(x),3)+[4]*pow(log10(x),4)) Correction L5Flavor}
     -5.191      -2.964           7  29.2708965 225.6563154     0.9980352    -0.0832378     0.0749706    -0.0165805           0.0 
     -2.964        -2.5           7  28.8693421 438.5204928     0.9203843     0.0401723     0.0092879    -0.0047599           0.0 
       -2.5      -2.172           7  28.6593064 768.7633512     0.9820615    -0.0052801     0.0121748    -0.0026012           0.0 
     -2.172      -2.043           7  28.1686211 597.3131902     1.1507832    -0.2441512     0.1233033    -0.0195736           0.0 
     -2.043       -1.93           7  28.2032938 604.6525302     1.0764403    -0.1267937      0.063506    -0.0098267           0.0 
      -1.93       -1.74           7  28.1912167 607.0050777      1.103487    -0.1522222     0.0712139    -0.0105691           0.0 
      -1.74      -1.566           7  28.3742295 822.3082054     1.0076442    -0.0349641     0.0244054    -0.0044743           0.0 
     -1.566      -1.305           7  28.2045213 827.5846869     0.9991395    -0.0145271     0.0126693    -0.0024727           0.0 
     -1.305      -1.044           7  27.9726774 1119.0872661     1.0097261    -0.0280353     0.0187588    -0.0033351           0.0 
     -1.044      -0.783           7  27.9474303 1125.8116247     1.0119415    -0.0280094     0.0178037    -0.0031284           0.0 
     -0.783      -0.522           7  27.9219487 1132.6467325     0.9700019      0.031672    -0.0094649     0.0008839           0.0 
     -0.522      -0.261           7  27.9048694 1134.6147253     0.9928518     0.0024132     0.0029277    -0.0008484           0.0 
     -0.261        -0.0           7  27.8823932 1645.2037619     0.9796808     0.0180969    -0.0028245       -0.0002           0.0 
        0.0       0.261           7  27.8823932 1645.2037619     0.9796808     0.0180969    -0.0028245       -0.0002           0.0 
      0.261       0.522           7  27.9048694 1134.6147253     0.9928518     0.0024132     0.0029277    -0.0008484           0.0 
      0.522       0.783           7  27.9219487 1132.6467325     0.9700019      0.031672    -0.0094649     0.0008839           0.0 
      0.783       1.044           7  27.9474303 1125.8116247     1.0119415    -0.0280094     0.0178037    -0.0031284           0.0 
      1.044       1.305           7  27.9726774 1119.0872661     1.0097261    -0.0280353     0.0187588    -0.0033351           0.0 
      1.305       1.566           7  28.2045213 827.5846869     0.9991395    -0.0145271     0.0126693    -0.0024727           0.0 
      1.566        1.74           7  28.3742295 822.3082054     1.0076442    -0.0349641     0.0244054    -0.0044743           0.0 
       1.74        1.93           7  28.1912167 607.0050777      1.103487    -0.1522222     0.0712139    -0.0105691           0.0 
       1.93       2.043           7  28.2032938 604.6525302     1.0764403    -0.1267937      0.063506    -0.0098267           0.0 
      2.043       2.172           7  28.1686211 597.3131902     1.1507832    -0.2441512     0.1233033    -0.0195736           0.0 
      2.172         2.5           7  28.6593064 768.7633512     0.9820615    -0.0052801     0.0121748    -0.0026012           0.0 
        2.5       2.964           7  28.8693421 438.5204928     0.9203843     0.0401723     0.0092879    -0.0047599           0.0 
      2.964       5.191           7  29.2708965 225.6563154     0.9980352    -0.0832378     0.0749706    -0.0165805           0.0 
[bT]
{1 JetEta 1 JetPt ([0]+[1]*log10(x)+[2]*pow(log10(x),2)+[3]*pow(log10(x),3)+[4]*pow(log10(x),4)) Correction L5Flavor}
     -5.191      -2.964           7  27.0833125 126.7803417     1.5207058    -0.5633531     0.1884799    -0.0142109           0.0 
     -2.964        -2.5           7  27.3243414 223.3531275      1.330247    -0.3355779     0.1034893     -0.007153           0.0 
       -2.5      -2.172           7  28.7596424 327.3589471     0.7214742     0.4274748    -0.2162886     0.0371457           0.0 
     -2.172      -2.043           7  28.5977108 328.8495602     0.6076393     0.5938938    -0.2939044     0.0485265           0.0 
     -2.043       -1.93           7  28.5289044 330.9917648     0.6922755     0.4719469    -0.2351876     0.0391461           0.0 
      -1.93       -1.74           7  28.5156487 446.5534026     0.4897416      0.776417    -0.3801456     0.0610265           0.0 
      -1.74      -1.566           7  28.5620233 448.0031217     0.4360526     0.8771277    -0.4390313     0.0719018           0.0 
     -1.566      -1.305           7  28.2030245 622.7080303     0.4493113     0.8469898    -0.4082579     0.0632596           0.0 
     -1.305      -1.044           7  28.1352262 624.7600194     0.5690566      0.649731    -0.3036098     0.0452114           0.0 
     -1.044      -0.783           7  28.3076533 630.2304937     0.6508672     0.5245935    -0.2457213     0.0366177           0.0 
     -0.783      -0.522           7  28.3253163 637.7355461      0.652492     0.5230352    -0.2468363     0.0369783           0.0 
     -0.522      -0.261           7   28.337053 634.1632302     0.6729914     0.4907367    -0.2307052     0.0342736           0.0 
     -0.261        -0.0           7   28.369348  862.293379     0.6752525     0.4862518    -0.2289573     0.0340805           0.0 
        0.0       0.261           7   28.369348  862.293379     0.6752525     0.4862518    -0.2289573     0.0340805           0.0 
      0.261       0.522           7   28.337053 634.1632302     0.6729914     0.4907367    -0.2307052     0.0342736           0.0 
      0.522       0.783           7  28.3253163 637.7355461      0.652492     0.5230352    -0.2468363     0.0369783           0.0 
      0.783       1.044           7  28.3076533 630.2304937     0.6508672     0.5245935    -0.2457213     0.0366177           0.0 
      1.044       1.305           7  28.1352262 624.7600194     0.5690566      0.649731    -0.3036098     0.0452114           0.0 
      1.305       1.566           7  28.2030245 622.7080303     0.4493113     0.8469898    -0.4082579     0.0632596           0.0 
      1.566        1.74           7  28.5620233 448.0031217     0.4360526     0.8771277    -0.4390313     0.0719018           0.0 
       1.74        1.93           7  28.5156487 446.5534026     0.4897416      0.776417    -0.3801456     0.0610265           0.0 
       1.93       2.043           7  28.5289044 330.9917648     0.6922755     0.4719469    -0.2351876     0.0391461           0.0 
      2.043       2.172           7  28.5977108 328.8495602     0.6076393     0.5938938    -0.2939044     0.0485265           0.0 
      2.172         2.5           7  28.7596424 327.3589471     0.7214742     0.4274748    -0.2162886     0.0371457           0.0 
        2.5       2.964           7  27.3243414 223.3531275      1.330247    -0.3355779     0.1034893     -0.007153           0.0 
      2.964       5.191           7  27.0833125 126.7803417     1.5207058    -0.5633531     0.1884799    -0.0142109           0.0 
[cT]
{1 JetEta 1 JetPt ([0]+[1]*log10(x)+[2]*pow(log10(x),2)+[3]*pow(log10(x),3)+[4]*pow(log10(x),4)) Correction L5Flavor}
     -5.191      -2.964           7  28.5247336 166.1104623     1.5564783    -0.8265865     0.3982871    -0.0610341           0.0 
     -2.964        -2.5           7  28.5904461 382.8952212     1.5658087    -0.8782586     0.4320332    -0.0676275           0.0 
       -2.5      -2.172           7  29.2389923 329.6302424     0.7795206     0.2940385    -0.1433061     0.0254928           0.0 
     -2.172      -2.043           7  28.9803837 330.5271683     0.7263815     0.3986213    -0.2048638     0.0367168           0.0 
     -2.043       -1.93           7  28.9459467 333.2209488     0.6823752     0.4673348    -0.2388268     0.0418712           0.0 
      -1.93       -1.74           7  28.9048224 336.6687384     0.6035198     0.5925014    -0.3001892     0.0511201           0.0 
      -1.74      -1.566           7  29.2127455 338.0993238     0.5244629     0.7086094    -0.3614878     0.0620292           0.0 
     -1.566      -1.305           7  28.9293449 446.8612166     0.5506365     0.6545002    -0.3213468      0.052747           0.0 
     -1.305      -1.044           7  28.7961037 450.3457547     0.6062477     0.5554135    -0.2636804     0.0418921           0.0 
     -1.044      -0.783           7  28.8383967 452.4184742     0.7875101     0.2840637    -0.1316757     0.0208911           0.0 
     -0.783      -0.522           7  28.8405613  616.683833     0.7573343     0.3287339    -0.1521064     0.0236396           0.0 
     -0.522      -0.261           7  28.8097071 620.9463038     0.7860192     0.2868853    -0.1323523     0.0205878           0.0 
     -0.261        -0.0           7   28.806358 620.8252644     0.7281949     0.3736933    -0.1754171     0.0275969           0.0 
        0.0       0.261           7   28.806358 620.8252644     0.7281949     0.3736933    -0.1754171     0.0275969           0.0 
      0.261       0.522           7  28.8097071 620.9463038     0.7860192     0.2868853    -0.1323523     0.0205878           0.0 
      0.522       0.783           7  28.8405613  616.683833     0.7573343     0.3287339    -0.1521064     0.0236396           0.0 
      0.783       1.044           7  28.8383967 452.4184742     0.7875101     0.2840637    -0.1316757     0.0208911           0.0 
      1.044       1.305           7  28.7961037 450.3457547     0.6062477     0.5554135    -0.2636804     0.0418921           0.0 
      1.305       1.566           7  28.9293449 446.8612166     0.5506365     0.6545002    -0.3213468      0.052747           0.0 
      1.566        1.74           7  29.2127455 338.0993238     0.5244629     0.7086094    -0.3614878     0.0620292           0.0 
       1.74        1.93           7  28.9048224 336.6687384     0.6035198     0.5925014    -0.3001892     0.0511201           0.0 
       1.93       2.043           7  28.9459467 333.2209488     0.6823752     0.4673348    -0.2388268     0.0418712           0.0 
      2.043       2.172           7  28.9803837 330.5271683     0.7263815     0.3986213    -0.2048638     0.0367168           0.0 
      2.172         2.5           7  29.2389923 329.6302424     0.7795206     0.2940385    -0.1433061     0.0254928           0.0 
        2.5       2.964           7  28.5904461 382.8952212     1.5658087    -0.8782586     0.4320332    -0.0676275           0.0 
      2.964       5.191           7  28.5247336 166.1104623     1.5564783    -0.8265865     0.3982871    -0.0610341           0.0 
[uT]
{1 JetEta 1 JetPt ([0]+[1]*log10(x)+[2]*pow(log10(x),2)+[3]*pow(log10(x),3)+[4]*pow(log10(x),4)) Correction L5Flavor}
     -5.191      -2.964           7  29.5101122 232.1999959     1.1121724    -0.1953059     0.0852863    -0.0101097           0.0 
     -2.964        -2.5           7  30.1130711 521.4662547     1.2188057    -0.5006492     0.2799902    -0.0460924           0.0 
       -2.5      -2.172           7  30.6165254 447.5578735       0.77472     0.1488431    -0.0307582      0.002367           0.0 
     -2.172      -2.043           7   30.405628   450.01905     0.8316165     0.0865276    -0.0106088     0.0004953           0.0 
     -2.043       -1.93           7   30.316706 454.5924811      0.879637     0.0324633     0.0090749    -0.0019214           0.0 
      -1.93       -1.74           7  30.2380927 457.7106553      0.831174     0.1206388    -0.0381828     0.0057807           0.0 
      -1.74      -1.566           7  30.4524928 621.9719489     0.8098181     0.1421119    -0.0462951     0.0068084           0.0 
     -1.566      -1.305           7  30.2402362 628.5908508     0.8276339     0.1126926    -0.0283972     0.0031854           0.0 
     -1.305      -1.044           7  29.9883933 629.2315468     0.7734955     0.1919612    -0.0638146     0.0081111           0.0 
     -1.044      -0.783           7  29.8835659 630.4470202     0.7288609     0.2725797    -0.1049281     0.0146086           0.0 
     -0.783      -0.522           7  29.7610964 632.5483026     0.7863042     0.1984047    -0.0709461     0.0092671           0.0 
     -0.522      -0.261           7   29.692854 633.3974614     0.8029573      0.177411    -0.0610266     0.0075875           0.0 
     -0.261        -0.0           7  29.6679848 628.8804418       0.78223     0.2092636    -0.0770275     0.0102568           0.0 
        0.0       0.261           7  29.6679848 628.8804418       0.78223     0.2092636    -0.0770275     0.0102568           0.0 
      0.261       0.522           7   29.692854 633.3974614     0.8029573      0.177411    -0.0610266     0.0075875           0.0 
      0.522       0.783           7  29.7610964 632.5483026     0.7863042     0.1984047    -0.0709461     0.0092671           0.0 
      0.783       1.044           7  29.8835659 630.4470202     0.7288609     0.2725797    -0.1049281     0.0146086           0.0 
      1.044       1.305           7  29.9883933 629.2315468     0.7734955     0.1919612    -0.0638146     0.0081111           0.0 
      1.305       1.566           7  30.2402362 628.5908508     0.8276339     0.1126926    -0.0283972     0.0031854           0.0 
      1.566        1.74           7  30.4524928 621.9719489     0.8098181     0.1421119    -0.0462951     0.0068084           0.0 
       1.74        1.93           7  30.2380927 457.7106553      0.831174     0.1206388    -0.0381828     0.0057807           0.0 
       1.93       2.043           7   30.316706 454.5924811      0.879637     0.0324633     0.0090749    -0.0019214           0.0 
      2.043       2.172           7   30.405628   450.01905     0.8316165     0.0865276    -0.0106088     0.0004953           0.0 
      2.172         2.5           7  30.6165254 447.5578735       0.77472     0.1488431    -0.0307582      0.002367           0.0 
        2.5       2.964           7  30.1130711 521.4662547     1.2188057    -0.5006492     0.2799902    -0.0460924           0.0 
      2.964       5.191           7  29.5101122 232.1999959     1.1121724    -0.1953059     0.0852863    -0.0101097           0.0 
[dT]
{1 JetEta 1 JetPt ([0]+[1]*log10(x)+[2]*pow(log10(x),2)+[3]*pow(log10(x),3)+[4]*pow(log10(x),4)) Correction L5Flavor}
     -5.191      -2.964           7  29.6463432 171.5300353     1.2481053    -0.4305059      0.213486    -0.0325265           0.0 
     -2.964        -2.5           7  30.1358785 336.2901552     1.1877569    -0.4534808     0.2554306    -0.0417479           0.0 
       -2.5      -2.172           7  30.6072513 336.2052552     0.7390828     0.2053523    -0.0610034     0.0078264           0.0 
     -2.172      -2.043           7  30.3331272 337.7071233     0.8409665     0.0755548    -0.0066305      8.67e-05           0.0 
     -2.043       -1.93           7  30.3374339 339.9589327     0.7918163     0.1602434    -0.0524721     0.0079004           0.0 
      -1.93       -1.74           7  30.2306962 454.5175737      0.798244     0.1668365    -0.0599856     0.0092584           0.0 
      -1.74      -1.566           7  30.4665604 457.5447878     0.8272625     0.1095403    -0.0281562     0.0037218           0.0 
     -1.566      -1.305           7  30.2438144 625.0937153     0.6988374     0.3009524    -0.1192539     0.0176693           0.0 
     -1.305      -1.044           7  30.0127518 626.4528718     0.7486631     0.2222868    -0.0763568     0.0099006           0.0 
     -1.044      -0.783           7  29.9240586 629.9160108     0.7670184     0.2077713    -0.0708222     0.0089414           0.0 
     -0.783      -0.522           7   29.806891 628.9942131     0.7245931      0.284483    -0.1110502     0.0154607           0.0 
     -0.522      -0.261           7   29.747449  630.870341     0.7997126     0.1760661    -0.0588093     0.0071551           0.0 
     -0.261        -0.0           7  29.6972311  628.222765     0.7877989      0.196334    -0.0697957     0.0090871           0.0 
        0.0       0.261           7  29.6972311  628.222765     0.7877989      0.196334    -0.0697957     0.0090871           0.0 
      0.261       0.522           7   29.747449  630.870341     0.7997126     0.1760661    -0.0588093     0.0071551           0.0 
      0.522       0.783           7   29.806891 628.9942131     0.7245931      0.284483    -0.1110502     0.0154607           0.0 
      0.783       1.044           7  29.9240586 629.9160108     0.7670184     0.2077713    -0.0708222     0.0089414           0.0 
      1.044       1.305           7  30.0127518 626.4528718     0.7486631     0.2222868    -0.0763568     0.0099006           0.0 
      1.305       1.566           7  30.2438144 625.0937153     0.6988374     0.3009524    -0.1192539     0.0176693           0.0 
      1.566        1.74           7  30.4665604 457.5447878     0.8272625     0.1095403    -0.0281562     0.0037218           0.0 
       1.74        1.93           7  30.2306962 454.5175737      0.798244     0.1668365    -0.0599856     0.0092584           0.0 
       1.93       2.043           7  30.3374339 339.9589327     0.7918163     0.1602434    -0.0524721     0.0079004           0.0 
      2.043       2.172           7  30.3331272 337.7071233     0.8409665     0.0755548    -0.0066305      8.67e-05           0.0 
      2.172         2.5           7  30.6072513 336.2052552     0.7390828     0.2053523    -0.0610034     0.0078264           0.0 
        2.5       2.964           7  30.1358785 336.2901552     1.1877569    -0.4534808     0.2554306    -0.0417479           0.0 
      2.964       5.191           7  29.6463432 171.5300353     1.2481053    -0.4305059      0.213486    -0.0325265           0.0 
[gT]
{1 JetEta 1 JetPt ([0]+[1]*log10(x)+[2]*pow(log10(x),2)+[3]*pow(log10(x),3)+[4]*pow(log10(x),4)) Correction L5Flavor}
     -5.191      -2.964           7  27.8576574 161.2516164     1.2869496    -0.3748438     0.1707799    -0.0229794           0.0 
     -2.964        -2.5           7  27.7022509  237.282466     1.4504113    -0.6665419     0.3387793    -0.0557048           0.0 
       -2.5      -2.172           7  28.5658747 321.7704847     0.8711093     0.1759292    -0.0754687     0.0124599           0.0 
     -2.172      -2.043           7  28.4215313 323.4138842     0.8194904      0.272647    -0.1343244     0.0236733           0.0 
     -2.043       -1.93           7  28.4025954 326.6271299     0.9198275     0.1149674    -0.0525561     0.0094184           0.0 
      -1.93       -1.74           7  28.4537593 328.9818236     0.7910617     0.3180754    -0.1570681     0.0267489           0.0 
      -1.74      -1.566           7  28.6478865  441.753996       0.73799     0.3811731    -0.1811079      0.029391           0.0 
     -1.566      -1.305           7  28.4154499 445.5245973     0.7321317      0.398934    -0.1927888     0.0313567           0.0 
     -1.305      -1.044           7  28.2167554 605.6912637     0.8452189     0.2296101    -0.1081815     0.0172496           0.0 
     -1.044      -0.783           7  28.2788193 609.3707205      0.862618     0.2074586    -0.0992247     0.0159205           0.0 
     -0.783      -0.522           7  28.2717851 616.7498671      0.891456     0.1617613    -0.0756195      0.011854           0.0 
     -0.522      -0.261           7  28.2287308 617.3324312     0.8727686     0.1915334    -0.0908699     0.0142996           0.0 
     -0.261        -0.0           7  28.2380183 619.4101701     0.8365004     0.2413894    -0.1126223     0.0173102           0.0 
        0.0       0.261           7  28.2380183 619.4101701     0.8365004     0.2413894    -0.1126223     0.0173102           0.0 
      0.261       0.522           7  28.2287308 617.3324312     0.8727686     0.1915334    -0.0908699     0.0142996           0.0 
      0.522       0.783           7  28.2717851 616.7498671      0.891456     0.1617613    -0.0756195      0.011854           0.0 
      0.783       1.044           7  28.2788193 609.3707205      0.862618     0.2074586    -0.0992247     0.0159205           0.0 
      1.044       1.305           7  28.2167554 605.6912637     0.8452189     0.2296101    -0.1081815     0.0172496           0.0 
      1.305       1.566           7  28.4154499 445.5245973     0.7321317      0.398934    -0.1927888     0.0313567           0.0 
      1.566        1.74           7  28.6478865  441.753996       0.73799     0.3811731    -0.1811079      0.029391           0.0 
       1.74        1.93           7  28.4537593 328.9818236     0.7910617     0.3180754    -0.1570681     0.0267489           0.0 
       1.93       2.043           7  28.4025954 326.6271299     0.9198275     0.1149674    -0.0525561     0.0094184           0.0 
      2.043       2.172           7  28.4215313 323.4138842     0.8194904      0.272647    -0.1343244     0.0236733           0.0 
      2.172         2.5           7  28.5658747 321.7704847     0.8711093     0.1759292    -0.0754687     0.0124599           0.0 
        2.5       2.964           7  27.7022509  237.282466     1.4504113    -0.6665419     0.3387793    -0.0557048           0.0 
      2.964       5.191           7  27.8576574 161.2516164     1.2869496    -0.3748438     0.1707799    -0.0229794           0.0 
[sT]
{1 JetEta 1 JetPt ([0]+[1]*log10(x)+[2]*pow(log10(x),2)+[3]*pow(log10(x),3)+[4]*pow(log10(x),4)) Correction L5Flavor}
     -5.191      -2.964           7  30.1597095 202.6219076     1.7788339    -1.3698835     0.7407017    -0.1282544           0.0 
     -2.964        -2.5           7  29.5437863 382.8661829      1.256057    -0.5200171     0.2883451    -0.0484403           0.0 
       -2.5      -2.172           7  29.8472151 331.7617028     0.5600401      0.540942    -0.2352236     0.0358543           0.0 
     -2.172      -2.043           7  29.6055923  335.817136     0.5646211     0.5482809    -0.2432977     0.0373283           0.0 
     -2.043       -1.93           7  29.6083602 231.5916863     0.5633031     0.5570105    -0.2526948     0.0398292           0.0 
      -1.93       -1.74           7  29.5617702 334.5077614     0.6896679     0.3728305    -0.1633508     0.0252452           0.0 
      -1.74      -1.566           7  29.9099055  336.140182     0.5463663     0.5677323    -0.2538864     0.0392076           0.0 
     -1.566      -1.305           7   29.453394 444.2710505     0.6442438     0.4111914    -0.1636579     0.0224391           0.0 
     -1.305      -1.044           7    29.14153 441.7259096     0.7225531     0.2678554    -0.0748124     0.0053087           0.0 
     -1.044      -0.783           7  29.0537224 450.9972344       0.72964     0.2726332    -0.0823585     0.0070046           0.0 
     -0.783      -0.522           7  28.9666469 448.4724309     0.7113883     0.3204577    -0.1140626     0.0130759           0.0 
     -0.522      -0.261           7  28.9347241 446.6360365     0.6771657     0.3814537    -0.1489182     0.0194062           0.0 
     -0.261        -0.0           7  28.9141816 447.3137918     0.7698203     0.2403921    -0.0791001     0.0080981           0.0 
        0.0       0.261           7  28.9141816 447.3137918     0.7698203     0.2403921    -0.0791001     0.0080981           0.0 
      0.261       0.522           7  28.9347241 446.6360365     0.6771657     0.3814537    -0.1489182     0.0194062           0.0 
      0.522       0.783           7  28.9666469 448.4724309     0.7113883     0.3204577    -0.1140626     0.0130759           0.0 
      0.783       1.044           7  29.0537224 450.9972344       0.72964     0.2726332    -0.0823585     0.0070046           0.0 
      1.044       1.305           7    29.14153 441.7259096     0.7225531     0.2678554    -0.0748124     0.0053087           0.0 
      1.305       1.566           7   29.453394 444.2710505     0.6442438     0.4111914    -0.1636579     0.0224391           0.0 
      1.566        1.74           7  29.9099055  336.140182     0.5463663     0.5677323    -0.2538864     0.0392076           0.0 
       1.74        1.93           7  29.5617702 334.5077614     0.6896679     0.3728305    -0.1633508     0.0252452           0.0 
       1.93       2.043           7  29.6083602 231.5916863     0.5633031     0.5570105    -0.2526948     0.0398292           0.0 
      2.043       2.172           7  29.6055923  335.817136     0.5646211     0.5482809    -0.2432977     0.0373283           0.0 
      2.172         2.5           7  29.8472151 331.7617028     0.5600401      0.540942    -0.2352236     0.0358543           0.0 
        2.5       2.964           7  29.5437863 382.8661829      1.256057    -0.5200171     0.2883451    -0.0484403           0.0 
      2.964       5.191           7  30.1597095 202.6219076     1.7788339    -1.3698835     0.7407017    -0.1282544           0.0 
[udT]
{1 JetEta 1 JetPt ([0]+[1]*log10(x)+[2]*pow(log10(x),2)+[3]*pow(log10(x),3)+[4]*pow(log10(x),4)) Correction L5Flavor}
     -5.191      -2.964           7  29.5596533 232.1234785     1.1235516    -0.2196702     0.0996467     -0.012667           0.0 
     -2.964        -2.5           7  30.1239177 569.2304731     1.1815307     -0.444351     0.2517687    -0.0414071           0.0 
       -2.5      -2.172           7  30.6119063  446.450455     0.7585085     0.1729701    -0.0427712     0.0043748           0.0 
     -2.172      -2.043           7  30.3687712 449.1992557     0.8588997     0.0457737     0.0094148    -0.0027343           0.0 
     -2.043       -1.93           7   30.327356 453.9750166     0.8839031     0.0217934     0.0160759    -0.0032771           0.0 
      -1.93       -1.74           7   30.234272  614.544324     0.9016347     0.0118602     0.0162078    -0.0030326           0.0 
      -1.74      -1.566           7  30.4598422 621.2363421     0.8181945     0.1259226    -0.0369817     0.0051597           0.0 
     -1.566      -1.305           7  30.2421244 627.5631413     0.7958772      0.156997    -0.0489731     0.0063726           0.0 
     -1.305      -1.044           7  30.0013759 628.3113085     0.7665089     0.1986174    -0.0657088     0.0082639           0.0 
     -1.044      -0.783           7  29.9052389 630.2551154     0.7265507     0.2720457    -0.1033041     0.0142003           0.0 
     -0.783      -0.522           7  29.7856907 845.5857172      0.765687     0.2258528    -0.0832675     0.0111167           0.0 
     -0.522      -0.261           7  29.7222545 847.3553486      0.784762      0.200655    -0.0710788     0.0090552           0.0 
     -0.261        -0.0           7  29.6837837 845.4071478     0.7812764     0.2075773    -0.0753092     0.0099033           0.0 
        0.0       0.261           7  29.6837837 845.4071478     0.7812764     0.2075773    -0.0753092     0.0099033           0.0 
      0.261       0.522           7  29.7222545 847.3553486      0.784762      0.200655    -0.0710788     0.0090552           0.0 
      0.522       0.783           7  29.7856907 845.5857172      0.765687     0.2258528    -0.0832675     0.0111167           0.0 
      0.783       1.044           7  29.9052389 630.2551154     0.7265507     0.2720457    -0.1033041     0.0142003           0.0 
      1.044       1.305           7  30.0013759 628.3113085     0.7665089     0.1986174    -0.0657088     0.0082639           0.0 
      1.305       1.566           7  30.2421244 627.5631413     0.7958772      0.156997    -0.0489731     0.0063726           0.0 
      1.566        1.74           7  30.4598422 621.2363421     0.8181945     0.1259226    -0.0369817     0.0051597           0.0 
       1.74        1.93           7   30.234272  614.544324     0.9016347     0.0118602     0.0162078    -0.0030326           0.0 
       1.93       2.043           7   30.327356 453.9750166     0.8839031     0.0217934     0.0160759    -0.0032771           0.0 
      2.043       2.172           7  30.3687712 449.1992557     0.8588997     0.0457737     0.0094148    -0.0027343           0.0 
      2.172         2.5           7  30.6119063  446.450455     0.7585085     0.1729701    -0.0427712     0.0043748           0.0 
        2.5       2.964           7  30.1239177 569.2304731     1.1815307     -0.444351     0.2517687    -0.0414071           0.0 
      2.964       5.191           7  29.5596533 232.1234785     1.1235516    -0.2196702     0.0996467     -0.012667           0.0 
[qT]
{1 JetEta 1 JetPt ([0]+[1]*log10(x)+[2]*pow(log10(x),2)+[3]*pow(log10(x),3)+[4]*pow(log10(x),4)) Correction L5Flavor}
     -5.191      -2.964           7  29.6385157  232.257531     1.1752418    -0.3148287      0.153978    -0.0225667           0.0 
     -2.964        -2.5           7  29.9646494 336.7241954     1.1400152    -0.3629926     0.2068813    -0.0338179           0.0 
       -2.5      -2.172           7  30.3781666 446.1987613     0.7042773     0.2794929    -0.1003866     0.0138611           0.0 
     -2.172      -2.043           7  30.1264399 449.1735884     0.7805022     0.1872201    -0.0643859     0.0091898           0.0 
     -2.043       -1.93           7  30.0936231 453.7388839     0.8106119     0.1515148    -0.0506269     0.0073746           0.0 
      -1.93       -1.74           7  30.0134611 614.7374884     0.8576078     0.0945871     -0.026484     0.0036674           0.0 
      -1.74      -1.566           7  30.2763323 621.0245568     0.7758385     0.2019181    -0.0748771     0.0109172           0.0 
     -1.566      -1.305           7  29.9760519 627.4145553     0.7031138     0.3102653     -0.123157     0.0175636           0.0 
     -1.305      -1.044           7  29.7077138 627.6488808     0.6765639     0.3435656    -0.1327933     0.0178533           0.0 
     -1.044      -0.783           7  29.6119535 629.1399646     0.6585377     0.3838088     -0.154973     0.0215196           0.0 
     -0.783      -0.522           7  29.5021051 844.9824222     0.7071766     0.3235055    -0.1287768     0.0176127           0.0 
     -0.522      -0.261           7  29.4491383 846.3776559     0.7345159     0.2860094    -0.1110854      0.014789           0.0 
     -0.261        -0.0           7  29.4159959 845.3532676     0.7432007     0.2746045    -0.1065203     0.0142746           0.0 
        0.0       0.261           7  29.4159959 845.3532676     0.7432007     0.2746045    -0.1065203     0.0142746           0.0 
      0.261       0.522           7  29.4491383 846.3776559     0.7345159     0.2860094    -0.1110854      0.014789           0.0 
      0.522       0.783           7  29.5021051 844.9824222     0.7071766     0.3235055    -0.1287768     0.0176127           0.0 
      0.783       1.044           7  29.6119535 629.1399646     0.6585377     0.3838088     -0.154973     0.0215196           0.0 
      1.044       1.305           7  29.7077138 627.6488808     0.6765639     0.3435656    -0.1327933     0.0178533           0.0 
      1.305       1.566           7  29.9760519 627.4145553     0.7031138     0.3102653     -0.123157     0.0175636           0.0 
      1.566        1.74           7  30.2763323 621.0245568     0.7758385     0.2019181    -0.0748771     0.0109172           0.0 
       1.74        1.93           7  30.0134611 614.7374884     0.8576078     0.0945871     -0.026484     0.0036674           0.0 
       1.93       2.043           7  30.0936231 453.7388839     0.8106119     0.1515148    -0.0506269     0.0073746           0.0 
      2.043       2.172           7  30.1264399 449.1735884     0.7805022     0.1872201    -0.0643859     0.0091898           0.0 
      2.172         2.5           7  30.3781666 446.1987613     0.7042773     0.2794929    -0.1003866     0.0138611           0.0 
        2.5       2.964           7  29.9646494 336.7241954     1.1400152    -0.3629926     0.2068813    -0.0338179           0.0 
      2.964       5.191           7  29.6385157  232.257531     1.1752418    -0.3148287      0.153978    -0.0225667           0.0 
[aT]
{1 JetEta 1 JetPt ([0]+[1]*log10(x)+[2]*pow(log10(x),2)+[3]*pow(log10(x),3)+[4]*pow(log10(x),4)) Correction L5Flavor}
     -5.191      -2.964           7  28.6493828   229.81078     1.3793661    -0.5725418     0.2850551    -0.0468514           0.0 
     -2.964        -2.5           7  28.5548975 338.0382849     1.2867099    -0.4521567     0.2244788    -0.0356096           0.0 
       -2.5      -2.172           7  29.3618477 442.7686431     0.8252775     0.1814047    -0.0654313     0.0085068           0.0 
     -2.172      -2.043           7  29.1800229  445.276887     0.8238579     0.1928329    -0.0754408     0.0107301           0.0 
     -2.043       -1.93           7  29.1532088   449.85207     0.8184412     0.2014989    -0.0793566     0.0111631           0.0 
      -1.93       -1.74           7  29.1415737 611.5598226     0.7551029      0.300872    -0.1278088     0.0185513           0.0 
      -1.74      -1.566           7  29.3626267 615.8558349     0.6837487     0.3977218    -0.1729561     0.0256082           0.0 
     -1.566      -1.305           7  29.0853162 621.5998971     0.5346876     0.6155409     -0.271052      0.039513           0.0 
     -1.305      -1.044           7  28.9147824 621.7606759     0.5937641     0.5203849    -0.2206264     0.0308703           0.0 
     -1.044      -0.783           7  28.9456126 841.0707387     0.6643917     0.4248597    -0.1794565     0.0251109           0.0 
     -0.783      -0.522           7  28.9109919 843.4147071     0.7119688     0.3614782    -0.1520355     0.0211699           0.0 
     -0.522      -0.261           7  28.8857133      846.68     0.7269788     0.3413013     -0.143209     0.0198581           0.0 
     -0.261        -0.0           7  28.8828974 848.4004037     0.7307426     0.3359069    -0.1412535      0.019687           0.0 
        0.0       0.261           7  28.8828974 848.4004037     0.7307426     0.3359069    -0.1412535      0.019687           0.0 
      0.261       0.522           7  28.8857133      846.68     0.7269788     0.3413013     -0.143209     0.0198581           0.0 
      0.522       0.783           7  28.9109919 843.4147071     0.7119688     0.3614782    -0.1520355     0.0211699           0.0 
      0.783       1.044           7  28.9456126 841.0707387     0.6643917     0.4248597    -0.1794565     0.0251109           0.0 
      1.044       1.305           7  28.9147824 621.7606759     0.5937641     0.5203849    -0.2206264     0.0308703           0.0 
      1.305       1.566           7  29.0853162 621.5998971     0.5346876     0.6155409     -0.271052      0.039513           0.0 
      1.566        1.74           7  29.3626267 615.8558349     0.6837487     0.3977218    -0.1729561     0.0256082           0.0 
       1.74        1.93           7  29.1415737 611.5598226     0.7551029      0.300872    -0.1278088     0.0185513           0.0 
       1.93       2.043           7  29.1532088   449.85207     0.8184412     0.2014989    -0.0793566     0.0111631           0.0 
      2.043       2.172           7  29.1800229  445.276887     0.8238579     0.1928329    -0.0754408     0.0107301           0.0 
      2.172         2.5           7  29.3618477 442.7686431     0.8252775     0.1814047    -0.0654313     0.0085068           0.0 
        2.5       2.964           7  28.5548975 338.0382849     1.2867099    -0.4521567     0.2244788    -0.0356096           0.0 
      2.964       5.191           7  28.6493828   229.81078     1.3793661    -0.5725418     0.2850551    -0.0468514           0.0 
