# L5 flavor corrections for IC5 algorithm
 [*J] (flavor * from diJet mixture)
 [*T] (flavor * from ttbar sample)
 [*S] (flavor * from simultaneous fit of diJet, ttbar and Drell-Yan)
 [*M] (flavor * from a combination of Drell-Yan (low pt) and diJet )
 [g*] (gluonss )
 [b*] (b quarks )
 [c*] (c quarks )
 [q*] (uds quarks )
 [ud*] (ud quarks )
 [a*] (all quarks )
 parametrization: Pt<p0 or Pt>p1, p2,... : fitting constants
 etamin  etamax  #ofparameters  ptmin  ptmax    p0         p1        p2        p3        p4

[bJ]
{1 JetEta 1 JetPt ([0]+[1]*log10(x)+[2]*pow(log10(x),2)+[3]*pow(log10(x),3)+[4]*pow(log10(x),4)) Correction L5Flavor}
     -5.191      -2.964           9  15.7521497 125.3613451     0.8685912     0.4131514     -0.299003     0.0689155           0.0           0.0           0.0 
     -2.964        -2.5           9  15.6397974 231.9377252     1.4382778    -0.6136113     0.3012778    -0.0487316           0.0           0.0           0.0 
       -2.5      -2.172           9  16.2422552 331.7867405     0.9032104     0.1606741     -0.080883      0.014154           0.0           0.0           0.0 
     -2.172      -2.043           9  15.2664196 578.6738235     1.2154472     -0.301038      0.141963    -0.0211107           0.0           0.0           0.0 
     -2.043       -1.93           9  15.8949893 450.6262418     1.0817008    -0.1104574     0.0534371    -0.0076999           0.0           0.0           0.0 
      -1.93       -1.74           9  15.7868908 618.8082446     1.1421484     -0.161092     0.0657859    -0.0083719           0.0           0.0           0.0 
      -1.74      -1.566           9   15.929103 828.3317411     1.2123683    -0.2455268     0.0981573    -0.0123932           0.0           0.0           0.0 
     -1.566      -1.305           9  15.8038063 1171.8411383       1.33743    -0.3676106     0.1370181    -0.0165917           0.0    -0.5256163      12.15186 
     -1.305      -1.044           9  15.4351534 1673.4790904      0.505703     1.0200987    -0.7172106      0.212843    -0.0227599           0.0           0.0 
     -1.044      -0.783           9  15.7361388 2680.6245778     0.7396141     0.5654513    -0.4103237     0.1244108    -0.0134655           0.0           0.0 
     -0.783      -0.522           9  15.6211349 3694.6190509     0.6734062     0.6772258    -0.4764857     0.1401273    -0.0147179           0.0           0.0 
     -0.522      -0.261           9  15.8756961 3693.0316358     0.6287255     0.7177117    -0.4832923      0.137391    -0.0140219           0.0           0.0 
     -0.261        -0.0           9  15.9836955 3684.1874373      0.737991      0.545755    -0.3861157     0.1137164    -0.0119045           0.0           0.0 
        0.0       0.261           9  15.9836955 3684.1874373      0.737991      0.545755    -0.3861157     0.1137164    -0.0119045           0.0           0.0 
      0.261       0.522           9  15.8756961 3693.0316358     0.6287255     0.7177117    -0.4832923      0.137391    -0.0140219           0.0           0.0 
      0.522       0.783           9  15.6211349 3694.6190509     0.6734062     0.6772258    -0.4764857     0.1401273    -0.0147179           0.0           0.0 
      0.783       1.044           9  15.7361388 2680.6245778     0.7396141     0.5654513    -0.4103237     0.1244108    -0.0134655           0.0           0.0 
      1.044       1.305           9  15.4351534 1673.4790904      0.505703     1.0200987    -0.7172106      0.212843    -0.0227599           0.0           0.0 
      1.305       1.566           9  15.8038063 1171.8411383       1.33743    -0.3676106     0.1370181    -0.0165917           0.0    -0.5256163      12.15186 
      1.566        1.74           9   15.929103 828.3317411     1.2123683    -0.2455268     0.0981573    -0.0123932           0.0           0.0           0.0 
       1.74        1.93           9  15.7868908 618.8082446     1.1421484     -0.161092     0.0657859    -0.0083719           0.0           0.0           0.0 
       1.93       2.043           9  15.8949893 450.6262418     1.0817008    -0.1104574     0.0534371    -0.0076999           0.0           0.0           0.0 
      2.043       2.172           9  15.2664196 578.6738235     1.2154472     -0.301038      0.141963    -0.0211107           0.0           0.0           0.0 
      2.172         2.5           9  16.2422552 331.7867405     0.9032104     0.1606741     -0.080883      0.014154           0.0           0.0           0.0 
        2.5       2.964           9  15.6397974 231.9377252     1.4382778    -0.6136113     0.3012778    -0.0487316           0.0           0.0           0.0 
      2.964       5.191           9  15.7521497 125.3613451     0.8685912     0.4131514     -0.299003     0.0689155           0.0           0.0           0.0 
[cJ]
{1 JetEta 1 JetPt ([0]+[1]*log10(x)+[2]*pow(log10(x),2)+[3]*pow(log10(x),3)+[4]*pow(log10(x),4)) Correction L5Flavor}
     -5.191      -2.964           9  16.2409921  171.907752     1.4113961    -0.7341727     0.4257419    -0.0779969           0.0           0.0           0.0 
     -2.964        -2.5           9  16.1589121 335.2645908     1.1749742    -0.3483999     0.2079842    -0.0376542           0.0           0.0           0.0 
       -2.5      -2.172           9  16.1622847 448.6702777     1.0150728    -0.0873756     0.0668758     -0.012813           0.0           0.0           0.0 
     -2.172      -2.043           9  15.7473509 617.8245419     1.1339575    -0.2495925     0.1371925    -0.0226319           0.0           0.0           0.0 
     -2.043       -1.93           9  15.6540671 616.5666336     1.0799146    -0.1542452     0.0852708    -0.0137872           0.0           0.0           0.0 
      -1.93       -1.74           9    15.95542 622.2339019     1.0297325    -0.0633129     0.0343305    -0.0049214           0.0           0.0           0.0 
      -1.74      -1.566           9  15.7482123 952.2047385     1.1052949    -0.1722838     0.0846759    -0.0124789           0.0           0.0           0.0 
     -1.566      -1.305           9  15.6215075 1238.8756695     1.0858904    -0.1340303     0.0634573    -0.0090075           0.0           0.0           0.0 
     -1.305      -1.044           9  15.7187392 2821.9860027     1.0053625    -0.0251791     0.0156561    -0.0023199           0.0           0.0           0.0 
     -1.044      -0.783           9  15.6675343 3179.785479     1.0416775    -0.0721582     0.0350574    -0.0049811           0.0           0.0           0.0 
     -0.783      -0.522           9  15.7368382 3692.4643196     0.7899163     0.3623313    -0.2369731     0.0682371     -0.007178           0.0           0.0 
     -0.522      -0.261           9  15.6462524 3700.8190496     0.8488942      0.259582    -0.1722686     0.0505573     -0.005405           0.0           0.0 
     -0.261        -0.0           9  15.5506421 3699.3348322     1.0261101    -0.0551114     0.0282715    -0.0041082           0.0           0.0           0.0 
        0.0       0.261           9  15.5506421 3699.3348322     1.0261101    -0.0551114     0.0282715    -0.0041082           0.0           0.0           0.0 
      0.261       0.522           9  15.6462524 3700.8190496     0.8488942      0.259582    -0.1722686     0.0505573     -0.005405           0.0           0.0 
      0.522       0.783           9  15.7368382 3692.4643196     0.7899163     0.3623313    -0.2369731     0.0682371     -0.007178           0.0           0.0 
      0.783       1.044           9  15.6675343 3179.785479     1.0416775    -0.0721582     0.0350574    -0.0049811           0.0           0.0           0.0 
      1.044       1.305           9  15.7187392 2821.9860027     1.0053625    -0.0251791     0.0156561    -0.0023199           0.0           0.0           0.0 
      1.305       1.566           9  15.6215075 1238.8756695     1.0858904    -0.1340303     0.0634573    -0.0090075           0.0           0.0           0.0 
      1.566        1.74           9  15.7482123 952.2047385     1.1052949    -0.1722838     0.0846759    -0.0124789           0.0           0.0           0.0 
       1.74        1.93           9    15.95542 622.2339019     1.0297325    -0.0633129     0.0343305    -0.0049214           0.0           0.0           0.0 
       1.93       2.043           9  15.6540671 616.5666336     1.0799146    -0.1542452     0.0852708    -0.0137872           0.0           0.0           0.0 
      2.043       2.172           9  15.7473509 617.8245419     1.1339575    -0.2495925     0.1371925    -0.0226319           0.0           0.0           0.0 
      2.172         2.5           9  16.1622847 448.6702777     1.0150728    -0.0873756     0.0668758     -0.012813           0.0           0.0           0.0 
        2.5       2.964           9  16.1589121 335.2645908     1.1749742    -0.3483999     0.2079842    -0.0376542           0.0           0.0           0.0 
      2.964       5.191           9  16.2409921  171.907752     1.4113961    -0.7341727     0.4257419    -0.0779969           0.0           0.0           0.0 
[gJ]
{1 JetEta 1 JetPt ([0]+[1]*log10(x)+[2]*pow(log10(x),2)+[3]*pow(log10(x),3)+[4]*pow(log10(x),4)) Correction L5Flavor}
     -5.191      -2.964           9  16.0346718 162.5955699     0.9195396     0.1748049    -0.0979567     0.0201631           0.0           0.0           0.0 
     -2.964        -2.5           9  15.8614848 326.9475621     1.0692967    -0.0858501     0.0503095     -0.008821           0.0           0.0           0.0 
       -2.5      -2.172           9  15.5817816 436.3020546     1.1421408    -0.1815521     0.0837322    -0.0115261           0.0           0.0           0.0 
     -2.172      -2.043           9  15.2042457 441.8721812     1.0708801    -0.0724567     0.0275657    -0.0021579           0.0           0.0           0.0 
     -2.043       -1.93           9  15.3313072 604.1902991     1.0908196    -0.1079449     0.0465965    -0.0055212           0.0           0.0           0.0 
      -1.93       -1.74           9  15.3453347 608.0604776     1.0634145    -0.0682031     0.0266757    -0.0023208           0.0           0.0           0.0 
      -1.74      -1.566           9  15.5637006 821.9464692     1.0593445    -0.0646927     0.0262442    -0.0026274           0.0           0.0           0.0 
     -1.566      -1.305           9  15.3930384 1137.7409095     1.0817315     -0.095022     0.0381385    -0.0042134           0.0           0.0           0.0 
     -1.305      -1.044           9  15.3417129 1643.3880173     1.0894641    -0.1067951     0.0437887    -0.0052892           0.0           0.0           0.0 
     -1.044      -0.783           9  15.3950009 2637.3733112       0.93526     0.1865024    -0.1579729     0.0540751    -0.0063844           0.0           0.0 
     -0.783      -0.522           9  15.3876832 3163.8837619     0.9431545     0.1614497    -0.1345949      0.045412    -0.0053018           0.0           0.0 
     -0.522      -0.261           9  15.3199624 3668.7692979     0.9520285     0.1376305    -0.1138808     0.0380994    -0.0044154           0.0           0.0 
     -0.261        -0.0           9  15.3177965 3671.1734244     0.9409319     0.1540416    -0.1217023      0.039376    -0.0044516           0.0           0.0 
        0.0       0.261           9  15.3177965 3671.1734244     0.9409319     0.1540416    -0.1217023      0.039376    -0.0044516           0.0           0.0 
      0.261       0.522           9  15.3199624 3668.7692979     0.9520285     0.1376305    -0.1138808     0.0380994    -0.0044154           0.0           0.0 
      0.522       0.783           9  15.3876832 3163.8837619     0.9431545     0.1614497    -0.1345949      0.045412    -0.0053018           0.0           0.0 
      0.783       1.044           9  15.3950009 2637.3733112       0.93526     0.1865024    -0.1579729     0.0540751    -0.0063844           0.0           0.0 
      1.044       1.305           9  15.3417129 1643.3880173     1.0894641    -0.1067951     0.0437887    -0.0052892           0.0           0.0           0.0 
      1.305       1.566           9  15.3930384 1137.7409095     1.0817315     -0.095022     0.0381385    -0.0042134           0.0           0.0           0.0 
      1.566        1.74           9  15.5637006 821.9464692     1.0593445    -0.0646927     0.0262442    -0.0026274           0.0           0.0           0.0 
       1.74        1.93           9  15.3453347 608.0604776     1.0634145    -0.0682031     0.0266757    -0.0023208           0.0           0.0           0.0 
       1.93       2.043           9  15.3313072 604.1902991     1.0908196    -0.1079449     0.0465965    -0.0055212           0.0           0.0           0.0 
      2.043       2.172           9  15.2042457 441.8721812     1.0708801    -0.0724567     0.0275657    -0.0021579           0.0           0.0           0.0 
      2.172         2.5           9  15.5817816 436.3020546     1.1421408    -0.1815521     0.0837322    -0.0115261           0.0           0.0           0.0 
        2.5       2.964           9  15.8614848 326.9475621     1.0692967    -0.0858501     0.0503095     -0.008821           0.0           0.0           0.0 
      2.964       5.191           9  16.0346718 162.5955699     0.9195396     0.1748049    -0.0979567     0.0201631           0.0           0.0           0.0 
[sJ]
{1 JetEta 1 JetPt ([0]+[1]*log10(x)+[2]*pow(log10(x),2)+[3]*pow(log10(x),3)+[4]*pow(log10(x),4)) Correction L5Flavor}
     -5.191      -2.964           9  17.0874129 241.3222912     1.5197263    -0.9731377     0.5439718    -0.0964487           0.0           0.0           0.0 
     -2.964        -2.5           9  16.6535933 401.3864055      1.130142    -0.3234659     0.1910193    -0.0330059           0.0           0.0           0.0 
       -2.5      -2.172           9  16.5184778 626.9928569     0.9246164     0.0147631     0.0160493    -0.0040306           0.0           0.0           0.0 
     -2.172      -2.043           9  16.2696113 627.3009088     0.9285261     0.0299072      -4.5e-06    -0.0005382           0.0           0.0           0.0 
     -2.043       -1.93           9  16.2027433 1036.9884592     0.9558227    -0.0264331     0.0323957    -0.0061926           0.0           0.0           0.0 
      -1.93       -1.74           9  16.2912763 973.6800021     0.9824495    -0.0564971      0.042762    -0.0074308           0.0           0.0           0.0 
      -1.74      -1.566           9   16.369821 1451.5790159     0.9006976     0.0430417     0.0020652    -0.0018706           0.0           0.0           0.0 
     -1.566      -1.305           9  16.1653617 1716.724608     0.8702855     0.1161595    -0.0364391     0.0041471           0.0           0.0           0.0 
     -1.305      -1.044           9  15.8833293 2200.893932     0.5440755     0.5267479    -0.2008034     0.0253648           0.0     0.1679304     6.5124038 
     -1.044      -0.783           9  15.8693169 3176.9088263     0.7672823     0.2667659     -0.100649       0.01258           0.0     0.1730943    11.9577106 
     -0.783      -0.522           9  15.7741771 3691.1507376     0.8106416     0.2153481    -0.0803791     0.0099313           0.0     0.1766422    12.9306594 
     -0.522      -0.261           9  15.8947936 3710.5014035     0.8500449      0.171236    -0.0648319     0.0081424           0.0           0.0           0.0 
     -0.261        -0.0           9  15.8737939 3698.5337343     0.8595414      0.163724    -0.0643344     0.0086135     -6.31e-05           0.0           0.0 
        0.0       0.261           9  15.8737939 3698.5337343     0.8595414      0.163724    -0.0643344     0.0086135     -6.31e-05           0.0           0.0 
      0.261       0.522           9  15.8947936 3710.5014035     0.8500449      0.171236    -0.0648319     0.0081424           0.0           0.0           0.0 
      0.522       0.783           9  15.7741771 3691.1507376     0.8106416     0.2153481    -0.0803791     0.0099313           0.0     0.1766422    12.9306594 
      0.783       1.044           9  15.8693169 3176.9088263     0.7672823     0.2667659     -0.100649       0.01258           0.0     0.1730943    11.9577106 
      1.044       1.305           9  15.8833293 2200.893932     0.5440755     0.5267479    -0.2008034     0.0253648           0.0     0.1679304     6.5124038 
      1.305       1.566           9  16.1653617 1716.724608     0.8702855     0.1161595    -0.0364391     0.0041471           0.0           0.0           0.0 
      1.566        1.74           9   16.369821 1451.5790159     0.9006976     0.0430417     0.0020652    -0.0018706           0.0           0.0           0.0 
       1.74        1.93           9  16.2912763 973.6800021     0.9824495    -0.0564971      0.042762    -0.0074308           0.0           0.0           0.0 
       1.93       2.043           9  16.2027433 1036.9884592     0.9558227    -0.0264331     0.0323957    -0.0061926           0.0           0.0           0.0 
      2.043       2.172           9  16.2696113 627.3009088     0.9285261     0.0299072      -4.5e-06    -0.0005382           0.0           0.0           0.0 
      2.172         2.5           9  16.5184778 626.9928569     0.9246164     0.0147631     0.0160493    -0.0040306           0.0           0.0           0.0 
        2.5       2.964           9  16.6535933 401.3864055      1.130142    -0.3234659     0.1910193    -0.0330059           0.0           0.0           0.0 
      2.964       5.191           9  17.0874129 241.3222912     1.5197263    -0.9731377     0.5439718    -0.0964487           0.0           0.0           0.0 
[udJ]
{1 JetEta 1 JetPt ([0]+[1]*log10(x)+[2]*pow(log10(x),2)+[3]*pow(log10(x),3)+[4]*pow(log10(x),4)) Correction L5Flavor}
     -5.191      -2.964           9  17.0108542 237.8065138     1.0126228    -0.0924397     0.0509554    -0.0068248           0.0           0.0           0.0 
     -2.964        -2.5           9  16.9885484 555.6682762      1.246998    -0.5418986     0.2953448    -0.0477583           0.0           0.0           0.0 
       -2.5      -2.172           9  17.0416517 1013.4852681     1.0333013    -0.2016274     0.1218274    -0.0195816           0.0           0.0           0.0 
     -2.172      -2.043           9  16.5273376 628.4331237     1.0774439    -0.2449464     0.1328873    -0.0201135           0.0           0.0           0.0 
     -2.043       -1.93           9  16.3714214 635.5037638     1.0654879    -0.2063891     0.1073284    -0.0154048           0.0           0.0           0.0 
      -1.93       -1.74           9  16.4167229  852.375826     1.0374692    -0.1573989     0.0828385    -0.0117232           0.0           0.0           0.0 
      -1.74      -1.566           9  16.5227772 2102.2669053      1.101838    -0.2369127     0.1141611    -0.0157524           0.0           0.0           0.0 
     -1.566      -1.305           9  16.5207801 1690.4608815     0.9767742    -0.0688704     0.0415866    -0.0057254           0.0           0.0           0.0 
     -1.305      -1.044           9  16.3771142 2192.1659877     0.9816651    -0.0675753     0.0388761    -0.0052175           0.0           0.0           0.0 
     -1.044      -0.783           9  16.4476111 3173.080207     0.9347491     0.0031714     0.0086642    -0.0012577           0.0           0.0           0.0 
     -0.783      -0.522           9  16.2399632 3697.3001469     0.9380124     0.0058813     0.0067647     -0.001036           0.0           0.0           0.0 
     -0.522      -0.261           9  16.2305369 3711.5874307     0.9387811     0.0102436     0.0037421    -0.0005442           0.0           0.0           0.0 
     -0.261        -0.0           9  16.1793715 3709.4279787     0.9402661      0.009585      0.003673    -0.0005073           0.0           0.0           0.0 
        0.0       0.261           9  16.1793715 3709.4279787     0.9402661      0.009585      0.003673    -0.0005073           0.0           0.0           0.0 
      0.261       0.522           9  16.2305369 3711.5874307     0.9387811     0.0102436     0.0037421    -0.0005442           0.0           0.0           0.0 
      0.522       0.783           9  16.2399632 3697.3001469     0.9380124     0.0058813     0.0067647     -0.001036           0.0           0.0           0.0 
      0.783       1.044           9  16.4476111 3173.080207     0.9347491     0.0031714     0.0086642    -0.0012577           0.0           0.0           0.0 
      1.044       1.305           9  16.3771142 2192.1659877     0.9816651    -0.0675753     0.0388761    -0.0052175           0.0           0.0           0.0 
      1.305       1.566           9  16.5207801 1690.4608815     0.9767742    -0.0688704     0.0415866    -0.0057254           0.0           0.0           0.0 
      1.566        1.74           9  16.5227772 2102.2669053      1.101838    -0.2369127     0.1141611    -0.0157524           0.0           0.0           0.0 
       1.74        1.93           9  16.4167229  852.375826     1.0374692    -0.1573989     0.0828385    -0.0117232           0.0           0.0           0.0 
       1.93       2.043           9  16.3714214 635.5037638     1.0654879    -0.2063891     0.1073284    -0.0154048           0.0           0.0           0.0 
      2.043       2.172           9  16.5273376 628.4331237     1.0774439    -0.2449464     0.1328873    -0.0201135           0.0           0.0           0.0 
      2.172         2.5           9  17.0416517 1013.4852681     1.0333013    -0.2016274     0.1218274    -0.0195816           0.0           0.0           0.0 
        2.5       2.964           9  16.9885484 555.6682762      1.246998    -0.5418986     0.2953448    -0.0477583           0.0           0.0           0.0 
      2.964       5.191           9  17.0108542 237.8065138     1.0126228    -0.0924397     0.0509554    -0.0068248           0.0           0.0           0.0 
[qJ]
{1 JetEta 1 JetPt ([0]+[1]*log10(x)+[2]*pow(log10(x),2)+[3]*pow(log10(x),3)+[4]*pow(log10(x),4)) Correction L5Flavor}
     -5.191      -2.964           9  17.0231428 237.9508132     1.0648967    -0.1830185     0.1015757    -0.0160105           0.0           0.0           0.0 
     -2.964        -2.5           9  16.9020156 571.1768754     1.2337641    -0.5050649     0.2730181    -0.0438711           0.0           0.0           0.0 
       -2.5      -2.172           9  16.8962538 620.5171697     1.0306199    -0.1752901     0.1031369    -0.0161074           0.0           0.0           0.0 
     -2.172      -2.043           9  16.4517459 628.3896472     1.0365563    -0.1637486     0.0895275    -0.0131139           0.0           0.0           0.0 
     -2.043       -1.93           9  16.3223431 635.3627007     1.0335314    -0.1475452     0.0779971    -0.0109745           0.0           0.0           0.0 
      -1.93       -1.74           9   16.379178 852.5158818     1.0190376    -0.1181825     0.0626006    -0.0086538           0.0           0.0           0.0 
      -1.74      -1.566           9  16.4757169 1180.8262221     1.0422445    -0.1477569     0.0743552    -0.0101876           0.0           0.0           0.0 
     -1.566      -1.305           9  16.4128783 1692.5154363     0.9473606    -0.0107815     0.0130788    -0.0015703           0.0           0.0           0.0 
     -1.305      -1.044           9  16.2227577 2192.9309901     0.9389462     0.0096997     0.0025878      -9.8e-05           0.0           0.0           0.0 
     -1.044      -0.783           9  16.2635848 3173.7438122     0.9139726     0.0492509    -0.0136913     0.0018757           0.0           0.0           0.0 
     -0.783      -0.522           9  16.0950364 3696.3000331     0.9203594     0.0463805    -0.0128831     0.0017051           0.0           0.0           0.0 
     -0.522      -0.261           9  16.1258208 3711.4850207      0.918449     0.0522305    -0.0158227     0.0021039           0.0           0.0           0.0 
     -0.261        -0.0           9  16.0820476 3708.6674828     0.9258476     0.0438862     -0.012742     0.0017273           0.0           0.0           0.0 
        0.0       0.261           9  16.0820476 3708.6674828     0.9258476     0.0438862     -0.012742     0.0017273           0.0           0.0           0.0 
      0.261       0.522           9  16.1258208 3711.4850207      0.918449     0.0522305    -0.0158227     0.0021039           0.0           0.0           0.0 
      0.522       0.783           9  16.0950364 3696.3000331     0.9203594     0.0463805    -0.0128831     0.0017051           0.0           0.0           0.0 
      0.783       1.044           9  16.2635848 3173.7438122     0.9139726     0.0492509    -0.0136913     0.0018757           0.0           0.0           0.0 
      1.044       1.305           9  16.2227577 2192.9309901     0.9389462     0.0096997     0.0025878      -9.8e-05           0.0           0.0           0.0 
      1.305       1.566           9  16.4128783 1692.5154363     0.9473606    -0.0107815     0.0130788    -0.0015703           0.0           0.0           0.0 
      1.566        1.74           9  16.4757169 1180.8262221     1.0422445    -0.1477569     0.0743552    -0.0101876           0.0           0.0           0.0 
       1.74        1.93           9   16.379178 852.5158818     1.0190376    -0.1181825     0.0626006    -0.0086538           0.0           0.0           0.0 
       1.93       2.043           9  16.3223431 635.3627007     1.0335314    -0.1475452     0.0779971    -0.0109745           0.0           0.0           0.0 
      2.043       2.172           9  16.4517459 628.3896472     1.0365563    -0.1637486     0.0895275    -0.0131139           0.0           0.0           0.0 
      2.172         2.5           9  16.8962538 620.5171697     1.0306199    -0.1752901     0.1031369    -0.0161074           0.0           0.0           0.0 
        2.5       2.964           9  16.9020156 571.1768754     1.2337641    -0.5050649     0.2730181    -0.0438711           0.0           0.0           0.0 
      2.964       5.191           9  17.0231428 237.9508132     1.0648967    -0.1830185     0.1015757    -0.0160105           0.0           0.0           0.0 
[uJ]
{1 JetEta 1 JetPt ([0]+[1]*log10(x)+[2]*pow(log10(x),2)+[3]*pow(log10(x),3)+[4]*pow(log10(x),4)) Correction L5Flavor}
     -5.191      -2.964           9  17.0290925 238.1599646     1.0012781    -0.0692032     0.0359445     -0.003748           0.0           0.0           0.0 
     -2.964        -2.5           9  16.9053974 545.3370846     1.2608144    -0.5644461     0.3067324    -0.0495995           0.0           0.0           0.0 
       -2.5      -2.172           9  17.1725242 1003.5307051     0.9828153    -0.1453979      0.100974    -0.0170476           0.0           0.0           0.0 
     -2.172      -2.043           9  16.7345525 628.7600598     1.0579551    -0.2302982     0.1294331    -0.0198812           0.0           0.0           0.0 
     -2.043       -1.93           9  16.5955289 636.4505669      1.001118    -0.1315818     0.0776048    -0.0114328           0.0           0.0           0.0 
      -1.93       -1.74           9  16.4158678 853.8118437      1.025879     -0.158806     0.0880182    -0.0128736           0.0           0.0           0.0 
      -1.74      -1.566           9  16.6564992 1179.7544379     1.0528057    -0.1821109      0.092983    -0.0129795           0.0           0.0           0.0 
     -1.566      -1.305           9  16.8514338 1690.2637304     0.9053469     0.0125449     0.0098975    -0.0016014           0.0           0.0           0.0 
     -1.305      -1.044           9  16.5100735 2190.8951889     0.9567984    -0.0539718     0.0376781    -0.0054275           0.0           0.0           0.0 
     -1.044      -0.783           9  16.6707643 3175.2322188     0.9026728     0.0336464     -0.001647     -4.87e-05           0.0           0.0           0.0 
     -0.783      -0.522           9  16.4066449 3698.8579279     0.9307839      0.005698     0.0087211    -0.0014135           0.0           0.0           0.0 
     -0.522      -0.261           9  16.2759061 3711.9358659     0.9283966     0.0161981     0.0027434    -0.0005052           0.0           0.0           0.0 
     -0.261        -0.0           9  16.3373278 3710.2564726      0.925302     0.0186067     0.0021162    -0.0004531           0.0           0.0           0.0 
        0.0       0.261           9  16.3373278 3710.2564726      0.925302     0.0186067     0.0021162    -0.0004531           0.0           0.0           0.0 
      0.261       0.522           9  16.2759061 3711.9358659     0.9283966     0.0161981     0.0027434    -0.0005052           0.0           0.0           0.0 
      0.522       0.783           9  16.4066449 3698.8579279     0.9307839      0.005698     0.0087211    -0.0014135           0.0           0.0           0.0 
      0.783       1.044           9  16.6707643 3175.2322188     0.9026728     0.0336464     -0.001647     -4.87e-05           0.0           0.0           0.0 
      1.044       1.305           9  16.5100735 2190.8951889     0.9567984    -0.0539718     0.0376781    -0.0054275           0.0           0.0           0.0 
      1.305       1.566           9  16.8514338 1690.2637304     0.9053469     0.0125449     0.0098975    -0.0016014           0.0           0.0           0.0 
      1.566        1.74           9  16.6564992 1179.7544379     1.0528057    -0.1821109      0.092983    -0.0129795           0.0           0.0           0.0 
       1.74        1.93           9  16.4158678 853.8118437      1.025879     -0.158806     0.0880182    -0.0128736           0.0           0.0           0.0 
       1.93       2.043           9  16.5955289 636.4505669      1.001118    -0.1315818     0.0776048    -0.0114328           0.0           0.0           0.0 
      2.043       2.172           9  16.7345525 628.7600598     1.0579551    -0.2302982     0.1294331    -0.0198812           0.0           0.0           0.0 
      2.172         2.5           9  17.1725242 1003.5307051     0.9828153    -0.1453979      0.100974    -0.0170476           0.0           0.0           0.0 
        2.5       2.964           9  16.9053974 545.3370846     1.2608144    -0.5644461     0.3067324    -0.0495995           0.0           0.0           0.0 
      2.964       5.191           9  17.0290925 238.1599646     1.0012781    -0.0692032     0.0359445     -0.003748           0.0           0.0           0.0 
[dJ]
{1 JetEta 1 JetPt ([0]+[1]*log10(x)+[2]*pow(log10(x),2)+[3]*pow(log10(x),3)+[4]*pow(log10(x),4)) Correction L5Flavor}
     -5.191      -2.964           9  16.9854025 422.5948854     1.0882508    -0.2307736     0.1330865    -0.0226321           0.0           0.0           0.0 
     -2.964        -2.5           9  17.0762422 531.4461411     1.2147925    -0.4991988     0.2780691    -0.0456164           0.0           0.0           0.0 
       -2.5      -2.172           9  16.9035517  458.458822     1.0890129    -0.2694535     0.1507376    -0.0237636           0.0           0.0           0.0 
     -2.172      -2.043           9  16.3031909 627.1527461       1.07471    -0.2262786     0.1212224    -0.0181706           0.0           0.0           0.0 
     -2.043       -1.93           9  16.1316022 632.2000491     1.1586716     -0.323492     0.1574594    -0.0225334           0.0           0.0           0.0 
      -1.93       -1.74           9  16.4176361 846.8063766     1.0420908    -0.1457616     0.0732389    -0.0099451           0.0           0.0           0.0 
      -1.74      -1.566           9  16.3808447  856.806369     1.1382876    -0.2747938     0.1285388    -0.0176583           0.0           0.0           0.0 
     -1.566      -1.305           9  16.1818122 1202.8388047     1.0593057    -0.1675374     0.0824412    -0.0113836           0.0           0.0           0.0 
     -1.305      -1.044           9  16.2457525  2197.36071     1.0006441    -0.0734652     0.0371966    -0.0046589           0.0           0.0           0.0 
     -1.044      -0.783           9  16.2183081 3164.1742774     0.9509433    -0.0063292     0.0104653    -0.0013594           0.0           0.0           0.0 
     -0.783      -0.522           9  16.0691329 3691.1028729      0.941225      0.012362     0.0021168    -0.0003023           0.0           0.0           0.0 
     -0.522      -0.261           9  16.1857689 3710.2985548     0.9480685     0.0062226     0.0039295    -0.0004776           0.0           0.0           0.0 
     -0.261        -0.0           9  16.0258493 3706.4263713     0.9569805    -0.0010851     0.0057926    -0.0006205           0.0           0.0           0.0 
        0.0       0.261           9  16.0258493 3706.4263713     0.9569805    -0.0010851     0.0057926    -0.0006205           0.0           0.0           0.0 
      0.261       0.522           9  16.1857689 3710.2985548     0.9480685     0.0062226     0.0039295    -0.0004776           0.0           0.0           0.0 
      0.522       0.783           9  16.0691329 3691.1028729      0.941225      0.012362     0.0021168    -0.0003023           0.0           0.0           0.0 
      0.783       1.044           9  16.2183081 3164.1742774     0.9509433    -0.0063292     0.0104653    -0.0013594           0.0           0.0           0.0 
      1.044       1.305           9  16.2457525  2197.36071     1.0006441    -0.0734652     0.0371966    -0.0046589           0.0           0.0           0.0 
      1.305       1.566           9  16.1818122 1202.8388047     1.0593057    -0.1675374     0.0824412    -0.0113836           0.0           0.0           0.0 
      1.566        1.74           9  16.3808447  856.806369     1.1382876    -0.2747938     0.1285388    -0.0176583           0.0           0.0           0.0 
       1.74        1.93           9  16.4176361 846.8063766     1.0420908    -0.1457616     0.0732389    -0.0099451           0.0           0.0           0.0 
       1.93       2.043           9  16.1316022 632.2000491     1.1586716     -0.323492     0.1574594    -0.0225334           0.0           0.0           0.0 
      2.043       2.172           9  16.3031909 627.1527461       1.07471    -0.2262786     0.1212224    -0.0181706           0.0           0.0           0.0 
      2.172         2.5           9  16.9035517  458.458822     1.0890129    -0.2694535     0.1507376    -0.0237636           0.0           0.0           0.0 
        2.5       2.964           9  17.0762422 531.4461411     1.2147925    -0.4991988     0.2780691    -0.0456164           0.0           0.0           0.0 
      2.964       5.191           9  16.9854025 422.5948854     1.0882508    -0.2307736     0.1330865    -0.0226321           0.0           0.0           0.0 
[aJ]
{1 JetEta 1 JetPt ([0]+[1]*log10(x)+[2]*pow(log10(x),2)+[3]*pow(log10(x),3)+[4]*pow(log10(x),4)) Correction L5Flavor}
     -5.191      -2.964           9  16.4083847 234.6378237     1.0000001        -1e-07         1e-07          -0.0           0.0           0.0           0.0 
     -2.964        -2.5           9  16.1442434 453.5156032     0.9999999         1e-07        -1e-07           0.0           0.0           0.0           0.0 
       -2.5      -2.172           9  15.9507738 615.8681131     1.0000001        -2e-07         1e-07          -0.0           0.0           0.0           0.0 
     -2.172      -2.043           9  15.5280492 622.5225721     1.0000001        -1e-07         1e-07          -0.0           0.0           0.0           0.0 
     -2.043       -1.93           9  15.5928952 628.5223355     0.9999999         1e-07          -0.0           0.0           0.0           0.0           0.0 
      -1.93       -1.74           9   15.621347 845.1134274     1.0000001        -1e-07         1e-07          -0.0           0.0           0.0           0.0 
      -1.74      -1.566           9  15.7809585 1171.0973322           1.0        -1e-07           0.0          -0.0           0.0           0.0           0.0 
     -1.566      -1.305           9  15.6399369 1684.6571526     0.9999999         1e-07          -0.0           0.0           0.0           0.0           0.0 
     -1.305      -1.044           9  15.5529499 2187.3924504           1.0           0.0          -0.0           0.0           0.0           0.0           0.0 
     -1.044      -0.783           9  15.6014057 3172.6617673     1.0000001        -1e-07           0.0          -0.0           0.0           0.0           0.0 
     -0.783      -0.522           9  15.5615484 3694.9073378     1.0000001        -1e-07           0.0          -0.0           0.0           0.0           0.0 
     -0.522      -0.261           9  15.5158783 3708.3288379           1.0           0.0          -0.0           0.0           0.0           0.0           0.0 
     -0.261        -0.0           9   15.504739 3705.0828357     0.9999999         1e-07          -0.0           0.0           0.0           0.0           0.0 
        0.0       0.261           9   15.504739 3705.0828357     0.9999999         1e-07          -0.0           0.0           0.0           0.0           0.0 
      0.261       0.522           9  15.5158783 3708.3288379           1.0           0.0          -0.0           0.0           0.0           0.0           0.0 
      0.522       0.783           9  15.5615484 3694.9073378     1.0000001        -1e-07           0.0          -0.0           0.0           0.0           0.0 
      0.783       1.044           9  15.6014057 3172.6617673     1.0000001        -1e-07           0.0          -0.0           0.0           0.0           0.0 
      1.044       1.305           9  15.5529499 2187.3924504           1.0           0.0          -0.0           0.0           0.0           0.0           0.0 
      1.305       1.566           9  15.6399369 1684.6571526     0.9999999         1e-07          -0.0           0.0           0.0           0.0           0.0 
      1.566        1.74           9  15.7809585 1171.0973322           1.0        -1e-07           0.0          -0.0           0.0           0.0           0.0 
       1.74        1.93           9   15.621347 845.1134274     1.0000001        -1e-07         1e-07          -0.0           0.0           0.0           0.0 
       1.93       2.043           9  15.5928952 628.5223355     0.9999999         1e-07          -0.0           0.0           0.0           0.0           0.0 
      2.043       2.172           9  15.5280492 622.5225721     1.0000001        -1e-07         1e-07          -0.0           0.0           0.0           0.0 
      2.172         2.5           9  15.9507738 615.8681131     1.0000001        -2e-07         1e-07          -0.0           0.0           0.0           0.0 
        2.5       2.964           9  16.1442434 453.5156032     0.9999999         1e-07        -1e-07           0.0           0.0           0.0           0.0 
      2.964       5.191           9  16.4083847 234.6378237     1.0000001        -1e-07         1e-07          -0.0           0.0           0.0           0.0 
[bT]
{1 JetEta 1 JetPt ([0]+[1]*log10(x)+[2]*pow(log10(x),2)+[3]*pow(log10(x),3)+[4]*pow(log10(x),4)) Correction L5Flavor}
     -5.191      -2.964           9  15.2863894 157.1800391     0.7363107      0.804485    -0.5900889     0.1316357           0.0           0.0           0.0 
     -2.964        -2.5           9  15.6535261 219.6821426     1.6763999    -0.7850177     0.2923339    -0.0322991           0.0    -0.2364588     7.1578813 
       -2.5      -2.172           9  16.6973797 320.6757266     0.5844387     0.6006003    -0.2912919     0.0485844           0.0           0.0           0.0 
     -2.172      -2.043           9  16.4519203 322.9869329     0.4745502     0.7666659    -0.3717993     0.0610987           0.0           0.0           0.0 
     -2.043       -1.93           9  16.3989113 430.1032542     0.5528738     0.6521768    -0.3141762     0.0513253           0.0           0.0           0.0 
      -1.93       -1.74           9  16.4276036 436.7076776     0.5380593     0.6723008    -0.3176708     0.0502036           0.0           0.0           0.0 
      -1.74      -1.566           9  16.4368349 916.7880278    -0.2945263     2.5361749    -1.8125374     0.5620584    -0.0634182           0.0           0.0 
     -1.566      -1.305           9  16.2874055 605.3420201     0.5471161     0.6805452    -0.3226494     0.0500494           0.0           0.0           0.0 
     -1.305      -1.044           9  16.3134309 611.1550211     0.5803595     0.6092757    -0.2789599     0.0415532           0.0           0.0           0.0 
     -1.044      -0.783           9  16.4129316 1057.6202844     0.1760098     1.5034261     -0.994911      0.285577    -0.0300202           0.0           0.0 
     -0.783      -0.522           9  16.4074454 841.1759616     1.0199692     0.0137971    -0.0193479     0.0044512           0.0    -0.1526505     7.1005892 
     -0.522      -0.261           9   16.387681 845.8947128     0.9717936     0.0713263    -0.0425164     0.0074853           0.0    -0.1490229     8.0016488 
     -0.261        -0.0           9  16.3824383 842.8209825     0.9927823     0.0421612    -0.0302478     0.0058448           0.0    -0.1531315     7.8568985 
        0.0       0.261           9  16.3824383 842.8209825     0.9927823     0.0421612    -0.0302478     0.0058448           0.0    -0.1531315     7.8568985 
      0.261       0.522           9   16.387681 845.8947128     0.9717936     0.0713263    -0.0425164     0.0074853           0.0    -0.1490229     8.0016488 
      0.522       0.783           9  16.4074454 841.1759616     1.0199692     0.0137971    -0.0193479     0.0044512           0.0    -0.1526505     7.1005892 
      0.783       1.044           9  16.4129316 1057.6202844     0.1760098     1.5034261     -0.994911      0.285577    -0.0300202           0.0           0.0 
      1.044       1.305           9  16.3134309 611.1550211     0.5803595     0.6092757    -0.2789599     0.0415532           0.0           0.0           0.0 
      1.305       1.566           9  16.2874055 605.3420201     0.5471161     0.6805452    -0.3226494     0.0500494           0.0           0.0           0.0 
      1.566        1.74           9  16.4368349 916.7880278    -0.2945263     2.5361749    -1.8125374     0.5620584    -0.0634182           0.0           0.0 
       1.74        1.93           9  16.4276036 436.7076776     0.5380593     0.6723008    -0.3176708     0.0502036           0.0           0.0           0.0 
       1.93       2.043           9  16.3989113 430.1032542     0.5528738     0.6521768    -0.3141762     0.0513253           0.0           0.0           0.0 
      2.043       2.172           9  16.4519203 322.9869329     0.4745502     0.7666659    -0.3717993     0.0610987           0.0           0.0           0.0 
      2.172         2.5           9  16.6973797 320.6757266     0.5844387     0.6006003    -0.2912919     0.0485844           0.0           0.0           0.0 
        2.5       2.964           9  15.6535261 219.6821426     1.6763999    -0.7850177     0.2923339    -0.0322991           0.0    -0.2364588     7.1578813 
      2.964       5.191           9  15.2863894 157.1800391     0.7363107      0.804485    -0.5900889     0.1316357           0.0           0.0           0.0 
[cT]
{1 JetEta 1 JetPt ([0]+[1]*log10(x)+[2]*pow(log10(x),2)+[3]*pow(log10(x),3)+[4]*pow(log10(x),4)) Correction L5Flavor}
     -5.191      -2.964           9  15.7353848 291.9939181     1.8734222    -1.3408645     0.6672908    -0.1069078           0.0           0.0           0.0 
     -2.964        -2.5           9  15.8738593 390.2608812     1.7131145    -1.1301809     0.5596078    -0.0878666           0.0           0.0           0.0 
       -2.5      -2.172           9   16.789242 330.4067555     0.8408636     0.1493562    -0.0566829     0.0097106           0.0           0.0           0.0 
     -2.172      -2.043           9  16.5411171 329.6211453     0.6897982     0.3903034     -0.179223     0.0297341           0.0           0.0           0.0 
     -2.043       -1.93           9  16.5174544 437.1392346     0.7316036      0.337393     -0.155682     0.0259785           0.0           0.0           0.0 
      -1.93       -1.74           9  16.5485222  441.590573     0.6647366     0.4463881    -0.2099883     0.0342502           0.0           0.0           0.0 
      -1.74      -1.566           9  16.6537112 733.8834757     0.1905932     1.5799373    -1.1863336     0.3915712    -0.0470348           0.0           0.0 
     -1.566      -1.305           9  16.5296194 603.2720405      0.768652     0.2797635    -0.1244684     0.0198941           0.0           0.0           0.0 
     -1.305      -1.044           9  16.5096605 610.4391976     0.7671174     0.2694471    -0.1116952     0.0163909           0.0           0.0           0.0 
     -1.044      -0.783           9  16.5804294 611.8916568     0.8105899      0.204449    -0.0797523     0.0112019           0.0           0.0           0.0 
     -0.783      -0.522           9  16.5772442 614.1837172     0.7989849      0.226374    -0.0911244     0.0128861           0.0           0.0           0.0 
     -0.522      -0.261           9   16.515876 614.8720896     0.7767469     0.2640542    -0.1108956     0.0161021           0.0           0.0           0.0 
     -0.261        -0.0           9  16.5289528  613.019508     0.7750253     0.2661074    -0.1123672      0.016479           0.0           0.0           0.0 
        0.0       0.261           9  16.5289528  613.019508     0.7750253     0.2661074    -0.1123672      0.016479           0.0           0.0           0.0 
      0.261       0.522           9   16.515876 614.8720896     0.7767469     0.2640542    -0.1108956     0.0161021           0.0           0.0           0.0 
      0.522       0.783           9  16.5772442 614.1837172     0.7989849      0.226374    -0.0911244     0.0128861           0.0           0.0           0.0 
      0.783       1.044           9  16.5804294 611.8916568     0.8105899      0.204449    -0.0797523     0.0112019           0.0           0.0           0.0 
      1.044       1.305           9  16.5096605 610.4391976     0.7671174     0.2694471    -0.1116952     0.0163909           0.0           0.0           0.0 
      1.305       1.566           9  16.5296194 603.2720405      0.768652     0.2797635    -0.1244684     0.0198941           0.0           0.0           0.0 
      1.566        1.74           9  16.6537112 733.8834757     0.1905932     1.5799373    -1.1863336     0.3915712    -0.0470348           0.0           0.0 
       1.74        1.93           9  16.5485222  441.590573     0.6647366     0.4463881    -0.2099883     0.0342502           0.0           0.0           0.0 
       1.93       2.043           9  16.5174544 437.1392346     0.7316036      0.337393     -0.155682     0.0259785           0.0           0.0           0.0 
      2.043       2.172           9  16.5411171 329.6211453     0.6897982     0.3903034     -0.179223     0.0297341           0.0           0.0           0.0 
      2.172         2.5           9   16.789242 330.4067555     0.8408636     0.1493562    -0.0566829     0.0097106           0.0           0.0           0.0 
        2.5       2.964           9  15.8738593 390.2608812     1.7131145    -1.1301809     0.5596078    -0.0878666           0.0           0.0           0.0 
      2.964       5.191           9  15.7353848 291.9939181     1.8734222    -1.3408645     0.6672908    -0.1069078           0.0           0.0           0.0 
[gT]
{1 JetEta 1 JetPt ([0]+[1]*log10(x)+[2]*pow(log10(x),2)+[3]*pow(log10(x),3)+[4]*pow(log10(x),4)) Correction L5Flavor}
     -5.191      -2.964           9  15.3948771 161.5609451     1.4024241    -0.4998252      0.215568    -0.0285361           0.0           0.0           0.0 
     -2.964        -2.5           9  15.3573884 413.4460283     1.2844011    -0.3546623     0.1600706    -0.0235167           0.0           0.0           0.0 
       -2.5      -2.172           9  16.1570484 322.4055803     0.7513045     0.3743849    -0.1760979     0.0283892           0.0           0.0           0.0 
     -2.172      -2.043           9   15.992382 323.8577879     0.5680489     0.6591112    -0.3216254     0.0526458           0.0           0.0           0.0 
     -2.043       -1.93           9  16.0196467 326.7451135     0.5778346     0.6481702    -0.3168333     0.0515542           0.0           0.0           0.0 
      -1.93       -1.74           9  16.0737913 437.8392646     0.5890594     0.6258905    -0.3027421     0.0485493           0.0           0.0           0.0 
      -1.74      -1.566           9  16.1712015 442.6560995     0.6523543     0.5294543    -0.2563404     0.0411688           0.0           0.0           0.0 
     -1.566      -1.305           9  16.0608504 606.2394277     0.6758862     0.4888832     -0.234368     0.0370855           0.0           0.0           0.0 
     -1.305      -1.044           9  15.9967491 772.4471854     0.1029675     1.7389145     -1.223219     0.3735781    -0.0417349           0.0           0.0 
     -1.044      -0.783           9  16.0479599 927.8184769      0.273463     1.3970249    -0.9706421     0.2917143    -0.0319802           0.0           0.0 
     -0.783      -0.522           9  16.0307316 908.6840943     0.3439188     1.2520863     -0.862075     0.2566807    -0.0279124           0.0           0.0 
     -0.522      -0.261           9  16.0003554 769.9073679     0.3215656     1.2983706      -0.89764     0.2687163    -0.0294495           0.0           0.0 
     -0.261        -0.0           9  16.0044195 832.9805667     0.2970427     1.3422948    -0.9277907     0.2780684    -0.0305509           0.0           0.0 
        0.0       0.261           9  16.0044195 832.9805667     0.2970427     1.3422948    -0.9277907     0.2780684    -0.0305509           0.0           0.0 
      0.261       0.522           9  16.0003554 769.9073679     0.3215656     1.2983706      -0.89764     0.2687163    -0.0294495           0.0           0.0 
      0.522       0.783           9  16.0307316 908.6840943     0.3439188     1.2520863     -0.862075     0.2566807    -0.0279124           0.0           0.0 
      0.783       1.044           9  16.0479599 927.8184769      0.273463     1.3970249    -0.9706421     0.2917143    -0.0319802           0.0           0.0 
      1.044       1.305           9  15.9967491 772.4471854     0.1029675     1.7389145     -1.223219     0.3735781    -0.0417349           0.0           0.0 
      1.305       1.566           9  16.0608504 606.2394277     0.6758862     0.4888832     -0.234368     0.0370855           0.0           0.0           0.0 
      1.566        1.74           9  16.1712015 442.6560995     0.6523543     0.5294543    -0.2563404     0.0411688           0.0           0.0           0.0 
       1.74        1.93           9  16.0737913 437.8392646     0.5890594     0.6258905    -0.3027421     0.0485493           0.0           0.0           0.0 
       1.93       2.043           9  16.0196467 326.7451135     0.5778346     0.6481702    -0.3168333     0.0515542           0.0           0.0           0.0 
      2.043       2.172           9   15.992382 323.8577879     0.5680489     0.6591112    -0.3216254     0.0526458           0.0           0.0           0.0 
      2.172         2.5           9  16.1570484 322.4055803     0.7513045     0.3743849    -0.1760979     0.0283892           0.0           0.0           0.0 
        2.5       2.964           9  15.3573884 413.4460283     1.2844011    -0.3546623     0.1600706    -0.0235167           0.0           0.0           0.0 
      2.964       5.191           9  15.3948771 161.5609451     1.4024241    -0.4998252      0.215568    -0.0285361           0.0           0.0           0.0 
[sT]
{1 JetEta 1 JetPt ([0]+[1]*log10(x)+[2]*pow(log10(x),2)+[3]*pow(log10(x),3)+[4]*pow(log10(x),4)) Correction L5Flavor}
     -5.191      -2.964           9   16.625299 236.3358651     1.8815407    -1.5006056      0.795847    -0.1364104           0.0           0.0           0.0 
     -2.964        -2.5           9  16.4259192 443.2438278     1.4106205    -0.7343885      0.380107    -0.0607984           0.0           0.0           0.0 
       -2.5      -2.172           9  17.1561811 331.9600346     0.6992425     0.2974871     -0.102695     0.0125834           0.0           0.0           0.0 
     -2.172      -2.043           9  16.9792232 330.3109319     0.4779114     0.6514926    -0.2869119     0.0437393           0.0           0.0           0.0 
     -2.043       -1.93           9  16.9688889 332.8322691     0.4985282     0.6389253    -0.2894933     0.0453313           0.0           0.0           0.0 
      -1.93       -1.74           9  17.0122097 446.3796868     0.5360767     0.5671667    -0.2453343     0.0365005           0.0           0.0           0.0 
      -1.74      -1.566           9  17.1750117 450.4926691      0.607803     0.4476489    -0.1853386     0.0268991           0.0           0.0           0.0 
     -1.566      -1.305           9  16.9614054 443.7927743      0.627437     0.4085225     -0.155174     0.0204013           0.0           0.0           0.0 
     -1.305      -1.044           9  16.7588093 616.1591983     0.6857241     0.3141708    -0.0994621     0.0098743           0.0           0.0           0.0 
     -1.044      -0.783           9  16.7460582 617.3743173     0.6892373      0.331522    -0.1158767     0.0133935           0.0           0.0           0.0 
     -0.783      -0.522           9  16.6742784 621.3182273     0.7137449     0.3045883     -0.104873     0.0116304           0.0           0.0           0.0 
     -0.522      -0.261           9   16.612151 622.0714007      0.740305     0.2672455    -0.0874755     0.0088756           0.0           0.0           0.0 
     -0.261        -0.0           9  16.6259019 620.7291924     0.6962555     0.3425008    -0.1291786     0.0162726           0.0           0.0           0.0 
        0.0       0.261           9  16.6259019 620.7291924     0.6962555     0.3425008    -0.1291786     0.0162726           0.0           0.0           0.0 
      0.261       0.522           9   16.612151 622.0714007      0.740305     0.2672455    -0.0874755     0.0088756           0.0           0.0           0.0 
      0.522       0.783           9  16.6742784 621.3182273     0.7137449     0.3045883     -0.104873     0.0116304           0.0           0.0           0.0 
      0.783       1.044           9  16.7460582 617.3743173     0.6892373      0.331522    -0.1158767     0.0133935           0.0           0.0           0.0 
      1.044       1.305           9  16.7588093 616.1591983     0.6857241     0.3141708    -0.0994621     0.0098743           0.0           0.0           0.0 
      1.305       1.566           9  16.9614054 443.7927743      0.627437     0.4085225     -0.155174     0.0204013           0.0           0.0           0.0 
      1.566        1.74           9  17.1750117 450.4926691      0.607803     0.4476489    -0.1853386     0.0268991           0.0           0.0           0.0 
       1.74        1.93           9  17.0122097 446.3796868     0.5360767     0.5671667    -0.2453343     0.0365005           0.0           0.0           0.0 
       1.93       2.043           9  16.9688889 332.8322691     0.4985282     0.6389253    -0.2894933     0.0453313           0.0           0.0           0.0 
      2.043       2.172           9  16.9792232 330.3109319     0.4779114     0.6514926    -0.2869119     0.0437393           0.0           0.0           0.0 
      2.172         2.5           9  17.1561811 331.9600346     0.6992425     0.2974871     -0.102695     0.0125834           0.0           0.0           0.0 
        2.5       2.964           9  16.4259192 443.2438278     1.4106205    -0.7343885      0.380107    -0.0607984           0.0           0.0           0.0 
      2.964       5.191           9   16.625299 236.3358651     1.8815407    -1.5006056      0.795847    -0.1364104           0.0           0.0           0.0 
[udT]
{1 JetEta 1 JetPt ([0]+[1]*log10(x)+[2]*pow(log10(x),2)+[3]*pow(log10(x),3)+[4]*pow(log10(x),4)) Correction L5Flavor}
     -5.191      -2.964           9  16.4580862 232.7565611     1.3733669    -0.5827653     0.2694651    -0.0386084           0.0           0.0           0.0 
     -2.964        -2.5           9  16.7641376 506.3570106      1.436159    -0.8151428     0.4229501    -0.0671106           0.0           0.0           0.0 
       -2.5      -2.172           9  17.6502983 448.1955672     0.7309522     0.2050187    -0.0587301     0.0069847           0.0           0.0           0.0 
     -2.172      -2.043           9  17.4059017 451.0874045     0.6159868     0.3858472    -0.1498217     0.0216011           0.0           0.0           0.0 
     -2.043       -1.93           9  17.3594183  454.635182     0.6704916     0.3174129    -0.1202612     0.0171352           0.0           0.0           0.0 
      -1.93       -1.74           9  17.2951148 619.1761932     0.6640564      0.346898     -0.140445     0.0207563           0.0           0.0           0.0 
      -1.74      -1.566           9  17.4049382 625.9929395     0.7849095     0.1618388    -0.0504107     0.0065746           0.0           0.0           0.0 
     -1.566      -1.305           9  17.3336786 629.8749221     0.7083761     0.2733908     -0.103187     0.0145466           0.0           0.0           0.0 
     -1.305      -1.044           9  17.2498095 847.2689947     0.6968653     0.2918709    -0.1107083     0.0152374           0.0           0.0           0.0 
     -1.044      -0.783           9  17.2569338 849.0809687     0.7173875      0.273373    -0.1023736     0.0137529           0.0           0.0           0.0 
     -0.783      -0.522           9  17.1844189 852.0333602     0.7056308     0.3002102    -0.1157463      0.015654           0.0           0.0           0.0 
     -0.522      -0.261           9  17.1184951 851.5685101     0.7001977     0.3128188    -0.1227363     0.0168149           0.0           0.0           0.0 
     -0.261        -0.0           9  17.1171007 847.9719003     0.6875879     0.3321995    -0.1320047     0.0182513           0.0           0.0           0.0 
        0.0       0.261           9  17.1171007 847.9719003     0.6875879     0.3321995    -0.1320047     0.0182513           0.0           0.0           0.0 
      0.261       0.522           9  17.1184951 851.5685101     0.7001977     0.3128188    -0.1227363     0.0168149           0.0           0.0           0.0 
      0.522       0.783           9  17.1844189 852.0333602     0.7056308     0.3002102    -0.1157463      0.015654           0.0           0.0           0.0 
      0.783       1.044           9  17.2569338 849.0809687     0.7173875      0.273373    -0.1023736     0.0137529           0.0           0.0           0.0 
      1.044       1.305           9  17.2498095 847.2689947     0.6968653     0.2918709    -0.1107083     0.0152374           0.0           0.0           0.0 
      1.305       1.566           9  17.3336786 629.8749221     0.7083761     0.2733908     -0.103187     0.0145466           0.0           0.0           0.0 
      1.566        1.74           9  17.4049382 625.9929395     0.7849095     0.1618388    -0.0504107     0.0065746           0.0           0.0           0.0 
       1.74        1.93           9  17.2951148 619.1761932     0.6640564      0.346898     -0.140445     0.0207563           0.0           0.0           0.0 
       1.93       2.043           9  17.3594183  454.635182     0.6704916     0.3174129    -0.1202612     0.0171352           0.0           0.0           0.0 
      2.043       2.172           9  17.4059017 451.0874045     0.6159868     0.3858472    -0.1498217     0.0216011           0.0           0.0           0.0 
      2.172         2.5           9  17.6502983 448.1955672     0.7309522     0.2050187    -0.0587301     0.0069847           0.0           0.0           0.0 
        2.5       2.964           9  16.7641376 506.3570106      1.436159    -0.8151428     0.4229501    -0.0671106           0.0           0.0           0.0 
      2.964       5.191           9  16.4580862 232.7565611     1.3733669    -0.5827653     0.2694651    -0.0386084           0.0           0.0           0.0 
[qT]
{1 JetEta 1 JetPt ([0]+[1]*log10(x)+[2]*pow(log10(x),2)+[3]*pow(log10(x),3)+[4]*pow(log10(x),4)) Correction L5Flavor}
     -5.191      -2.964           9  16.4878063 232.9143825     1.4251711    -0.6777977     0.3239565    -0.0486216           0.0           0.0           0.0 
     -2.964        -2.5           9   16.663568 536.3092464     1.3986514    -0.7371802     0.3788979     -0.059562           0.0           0.0           0.0 
       -2.5      -2.172           9  17.4933818 447.9774758     0.6847619      0.297678    -0.1084885     0.0150412           0.0           0.0           0.0 
     -2.172      -2.043           9  17.2661246 450.8253134     0.5640745     0.4848119    -0.2014847     0.0297967           0.0           0.0           0.0 
     -2.043       -1.93           9  17.2297901 612.8549038     0.6304817     0.3951273    -0.1604478     0.0233866           0.0           0.0           0.0 
      -1.93       -1.74           9  17.2000225 619.2218549      0.602038     0.4540476    -0.1941029     0.0290931           0.0           0.0           0.0 
      -1.74      -1.566           9  17.3264112 625.6078899     0.7315689     0.2497254    -0.0923184     0.0127614           0.0           0.0           0.0 
     -1.566      -1.305           9  17.2049698  629.403385     0.6502533     0.3725171    -0.1501684     0.0213513           0.0           0.0           0.0 
     -1.305      -1.044           9  17.0782687 846.7245181     0.6482498     0.3780219     -0.150808     0.0208347           0.0           0.0           0.0 
     -1.044      -0.783           9  17.0765558 847.9964147     0.6825479     0.3389301     -0.133337     0.0180956           0.0           0.0           0.0 
     -0.783      -0.522           9  17.0033656 851.0513335     0.6878705     0.3400516    -0.1347871     0.0182436           0.0           0.0           0.0 
     -0.522      -0.261           9  16.9377301 851.1277495     0.6878109     0.3446323    -0.1381981     0.0189028           0.0           0.0           0.0 
     -0.261        -0.0           9  16.9412156 846.7672844     0.6771885     0.3612348    -0.1464967     0.0202638           0.0           0.0           0.0 
        0.0       0.261           9  16.9412156 846.7672844     0.6771885     0.3612348    -0.1464967     0.0202638           0.0           0.0           0.0 
      0.261       0.522           9  16.9377301 851.1277495     0.6878109     0.3446323    -0.1381981     0.0189028           0.0           0.0           0.0 
      0.522       0.783           9  17.0033656 851.0513335     0.6878705     0.3400516    -0.1347871     0.0182436           0.0           0.0           0.0 
      0.783       1.044           9  17.0765558 847.9964147     0.6825479     0.3389301     -0.133337     0.0180956           0.0           0.0           0.0 
      1.044       1.305           9  17.0782687 846.7245181     0.6482498     0.3780219     -0.150808     0.0208347           0.0           0.0           0.0 
      1.305       1.566           9  17.2049698  629.403385     0.6502533     0.3725171    -0.1501684     0.0213513           0.0           0.0           0.0 
      1.566        1.74           9  17.3264112 625.6078899     0.7315689     0.2497254    -0.0923184     0.0127614           0.0           0.0           0.0 
       1.74        1.93           9  17.2000225 619.2218549      0.602038     0.4540476    -0.1941029     0.0290931           0.0           0.0           0.0 
       1.93       2.043           9  17.2297901 612.8549038     0.6304817     0.3951273    -0.1604478     0.0233866           0.0           0.0           0.0 
      2.043       2.172           9  17.2661246 450.8253134     0.5640745     0.4848119    -0.2014847     0.0297967           0.0           0.0           0.0 
      2.172         2.5           9  17.4933818 447.9774758     0.6847619      0.297678    -0.1084885     0.0150412           0.0           0.0           0.0 
        2.5       2.964           9   16.663568 536.3092464     1.3986514    -0.7371802     0.3788979     -0.059562           0.0           0.0           0.0 
      2.964       5.191           9  16.4878063 232.9143825     1.4251711    -0.6777977     0.3239565    -0.0486216           0.0           0.0           0.0 
[uT]
{1 JetEta 1 JetPt ([0]+[1]*log10(x)+[2]*pow(log10(x),2)+[3]*pow(log10(x),3)+[4]*pow(log10(x),4)) Correction L5Flavor}
     -5.191      -2.964           9  16.4747514 233.1119569     1.3222762    -0.4986698     0.2247823    -0.0309156           0.0           0.0           0.0 
     -2.964        -2.5           9  16.8022591    508.2182     1.4226459    -0.7989866     0.4163528    -0.0662031           0.0           0.0           0.0 
       -2.5      -2.172           9  17.7873664 448.9230766     0.6966812     0.2369497    -0.0681275     0.0078013           0.0           0.0           0.0 
     -2.172      -2.043           9  17.5655216 452.0498212      0.582765     0.4147782    -0.1575132     0.0221526           0.0           0.0           0.0 
     -2.043       -1.93           9  17.5157986 455.7585605     0.6570537     0.3165226    -0.1138351     0.0155439           0.0           0.0           0.0 
      -1.93       -1.74           9   17.453157 620.5302356     0.6313283     0.3766651    -0.1498216     0.0217937           0.0           0.0           0.0 
      -1.74      -1.566           9  17.5531571 627.3558022     0.7633935     0.1755457    -0.0521036     0.0063796           0.0           0.0           0.0 
     -1.566      -1.305           9  17.4868017  631.476882     0.6983184     0.2677395    -0.0953173     0.0128853           0.0           0.0           0.0 
     -1.305      -1.044           9  17.4289656 847.4977947      0.666488     0.3174453    -0.1184461      0.016102           0.0           0.0           0.0 
     -1.044      -0.783           9  17.4208321 851.3196029     0.7018106     0.2787515    -0.1003536     0.0130182           0.0           0.0           0.0 
     -0.783      -0.522           9  17.3454535 853.8373564     0.6920791      0.303784    -0.1128024     0.0147165           0.0           0.0           0.0 
     -0.522      -0.261           9   17.267863 851.5081141     0.6732268     0.3399838    -0.1328196     0.0181669           0.0           0.0           0.0 
     -0.261        -0.0           9  17.2659738 849.2121046     0.6579443     0.3644349    -0.1448851     0.0200806           0.0           0.0           0.0 
        0.0       0.261           9  17.2659738 849.2121046     0.6579443     0.3644349    -0.1448851     0.0200806           0.0           0.0           0.0 
      0.261       0.522           9   17.267863 851.5081141     0.6732268     0.3399838    -0.1328196     0.0181669           0.0           0.0           0.0 
      0.522       0.783           9  17.3454535 853.8373564     0.6920791      0.303784    -0.1128024     0.0147165           0.0           0.0           0.0 
      0.783       1.044           9  17.4208321 851.3196029     0.7018106     0.2787515    -0.1003536     0.0130182           0.0           0.0           0.0 
      1.044       1.305           9  17.4289656 847.4977947      0.666488     0.3174453    -0.1184461      0.016102           0.0           0.0           0.0 
      1.305       1.566           9  17.4868017  631.476882     0.6983184     0.2677395    -0.0953173     0.0128853           0.0           0.0           0.0 
      1.566        1.74           9  17.5531571 627.3558022     0.7633935     0.1755457    -0.0521036     0.0063796           0.0           0.0           0.0 
       1.74        1.93           9   17.453157 620.5302356     0.6313283     0.3766651    -0.1498216     0.0217937           0.0           0.0           0.0 
       1.93       2.043           9  17.5157986 455.7585605     0.6570537     0.3165226    -0.1138351     0.0155439           0.0           0.0           0.0 
      2.043       2.172           9  17.5655216 452.0498212      0.582765     0.4147782    -0.1575132     0.0221526           0.0           0.0           0.0 
      2.172         2.5           9  17.7873664 448.9230766     0.6966812     0.2369497    -0.0681275     0.0078013           0.0           0.0           0.0 
        2.5       2.964           9  16.8022591    508.2182     1.4226459    -0.7989866     0.4163528    -0.0662031           0.0           0.0           0.0 
      2.964       5.191           9  16.4747514 233.1119569     1.3222762    -0.4986698     0.2247823    -0.0309156           0.0           0.0           0.0 
[dT]
{1 JetEta 1 JetPt ([0]+[1]*log10(x)+[2]*pow(log10(x),2)+[3]*pow(log10(x),3)+[4]*pow(log10(x),4)) Correction L5Flavor}
     -5.191      -2.964           9  16.4341818 367.1552532      1.538807    -0.8671507     0.4279567    -0.0672974           0.0           0.0           0.0 
     -2.964        -2.5           9  16.7260747 430.2787414     1.5018087    -0.9226852     0.4814305    -0.0775231           0.0           0.0           0.0 
       -2.5      -2.172           9  17.5219723 445.8017589     0.7498461     0.1954571    -0.0598499     0.0078509           0.0           0.0           0.0 
     -2.172      -2.043           9  17.2608303 448.2888461     0.6383311     0.3688398    -0.1454946     0.0212277           0.0           0.0           0.0 
     -2.043       -1.93           9  17.2196821 451.6909694     0.6219214     0.4177907     -0.178512      0.027576           0.0           0.0           0.0 
      -1.93       -1.74           9    17.15717 454.7096017     0.6674932     0.3600504    -0.1515078     0.0229772           0.0           0.0           0.0 
      -1.74      -1.566           9   17.278868 622.3636144     0.7601755     0.2183617    -0.0833692     0.0124124           0.0           0.0           0.0 
     -1.566      -1.305           9  17.2064854  626.038382     0.6962851      0.306948    -0.1219252     0.0175948           0.0           0.0           0.0 
     -1.305      -1.044           9  17.1051023  628.668351       0.70118      0.298626    -0.1152248     0.0158593           0.0           0.0           0.0 
     -1.044      -0.783           9   17.127089 629.9701291     0.6672144     0.3664332    -0.1518681     0.0219523           0.0           0.0           0.0 
     -0.783      -0.522           9    17.05941 631.5876426     0.6950011     0.3285848    -0.1321453      0.018479           0.0           0.0           0.0 
     -0.522      -0.261           9  17.0037074 631.1824193     0.6888407     0.3396271    -0.1369276     0.0190198           0.0           0.0           0.0 
     -0.261        -0.0           9  17.0033927 629.6471276     0.7066506     0.3093125    -0.1204372     0.0161946           0.0           0.0           0.0 
        0.0       0.261           9  17.0033927 629.6471276     0.7066506     0.3093125    -0.1204372     0.0161946           0.0           0.0           0.0 
      0.261       0.522           9  17.0037074 631.1824193     0.6888407     0.3396271    -0.1369276     0.0190198           0.0           0.0           0.0 
      0.522       0.783           9    17.05941 631.5876426     0.6950011     0.3285848    -0.1321453      0.018479           0.0           0.0           0.0 
      0.783       1.044           9   17.127089 629.9701291     0.6672144     0.3664332    -0.1518681     0.0219523           0.0           0.0           0.0 
      1.044       1.305           9  17.1051023  628.668351       0.70118      0.298626    -0.1152248     0.0158593           0.0           0.0           0.0 
      1.305       1.566           9  17.2064854  626.038382     0.6962851      0.306948    -0.1219252     0.0175948           0.0           0.0           0.0 
      1.566        1.74           9   17.278868 622.3636144     0.7601755     0.2183617    -0.0833692     0.0124124           0.0           0.0           0.0 
       1.74        1.93           9    17.15717 454.7096017     0.6674932     0.3600504    -0.1515078     0.0229772           0.0           0.0           0.0 
       1.93       2.043           9  17.2196821 451.6909694     0.6219214     0.4177907     -0.178512      0.027576           0.0           0.0           0.0 
      2.043       2.172           9  17.2608303 448.2888461     0.6383311     0.3688398    -0.1454946     0.0212277           0.0           0.0           0.0 
      2.172         2.5           9  17.5219723 445.8017589     0.7498461     0.1954571    -0.0598499     0.0078509           0.0           0.0           0.0 
        2.5       2.964           9  16.7260747 430.2787414     1.5018087    -0.9226852     0.4814305    -0.0775231           0.0           0.0           0.0 
      2.964       5.191           9  16.4341818 367.1552532      1.538807    -0.8671507     0.4279567    -0.0672974           0.0           0.0           0.0 
[aT]
{1 JetEta 1 JetPt ([0]+[1]*log10(x)+[2]*pow(log10(x),2)+[3]*pow(log10(x),3)+[4]*pow(log10(x),4)) Correction L5Flavor}
     -5.191      -2.964           9  15.9028121 362.5420609     1.3691401      -0.50888     0.2288552    -0.0337167           0.0           0.0           0.0 
     -2.964        -2.5           9  15.9129502 335.9291131      2.124642    -2.2511005     1.6397754    -0.5212782      0.061344           0.0           0.0 
       -2.5      -2.172           9  16.7670899 443.7375566      0.825384     0.1636191    -0.0521073     0.0057515           0.0           0.0           0.0 
     -2.172      -2.043           9  16.5723271 445.7799283     0.7012288      0.347183    -0.1402622     0.0195509           0.0           0.0           0.0 
     -2.043       -1.93           9  16.5675138 607.5690723     0.7198726     0.3283777    -0.1339553      0.018798           0.0           0.0           0.0 
      -1.93       -1.74           9   16.591143 613.0163119     0.6745984      0.403203    -0.1715873     0.0247089           0.0           0.0           0.0 
      -1.74      -1.566           9  16.6999375 617.3752735      0.778181     0.2415105    -0.0919837     0.0121613           0.0           0.0           0.0 
     -1.566      -1.305           9  16.5907682 620.7290771     0.6618575     0.4170918    -0.1748171     0.0246219           0.0           0.0           0.0 
     -1.305      -1.044           9  16.5274459 837.2890598       0.69991     0.3532521    -0.1404351     0.0186356           0.0           0.0           0.0 
     -1.044      -0.783           9  16.5720801 839.0384368     0.7572131     0.2754579    -0.1066957     0.0139112           0.0           0.0           0.0 
     -0.783      -0.522           9  16.5410368 842.4025596     0.7596469     0.2787196    -0.1107014     0.0147904           0.0           0.0           0.0 
     -0.522      -0.261           9   16.499957 844.2477078      0.751673     0.2932364     -0.118851     0.0162004           0.0           0.0           0.0 
     -0.261        -0.0           9   16.506726 840.9394011      0.758258     0.2815525    -0.1129591     0.0152938           0.0           0.0           0.0 
        0.0       0.261           9   16.506726 840.9394011      0.758258     0.2815525    -0.1129591     0.0152938           0.0           0.0           0.0 
      0.261       0.522           9   16.499957 844.2477078      0.751673     0.2932364     -0.118851     0.0162004           0.0           0.0           0.0 
      0.522       0.783           9  16.5410368 842.4025596     0.7596469     0.2787196    -0.1107014     0.0147904           0.0           0.0           0.0 
      0.783       1.044           9  16.5720801 839.0384368     0.7572131     0.2754579    -0.1066957     0.0139112           0.0           0.0           0.0 
      1.044       1.305           9  16.5274459 837.2890598       0.69991     0.3532521    -0.1404351     0.0186356           0.0           0.0           0.0 
      1.305       1.566           9  16.5907682 620.7290771     0.6618575     0.4170918    -0.1748171     0.0246219           0.0           0.0           0.0 
      1.566        1.74           9  16.6999375 617.3752735      0.778181     0.2415105    -0.0919837     0.0121613           0.0           0.0           0.0 
       1.74        1.93           9   16.591143 613.0163119     0.6745984      0.403203    -0.1715873     0.0247089           0.0           0.0           0.0 
       1.93       2.043           9  16.5675138 607.5690723     0.7198726     0.3283777    -0.1339553      0.018798           0.0           0.0           0.0 
      2.043       2.172           9  16.5723271 445.7799283     0.7012288      0.347183    -0.1402622     0.0195509           0.0           0.0           0.0 
      2.172         2.5           9  16.7670899 443.7375566      0.825384     0.1636191    -0.0521073     0.0057515           0.0           0.0           0.0 
        2.5       2.964           9  15.9129502 335.9291131      2.124642    -2.2511005     1.6397754    -0.5212782      0.061344           0.0           0.0 
      2.964       5.191           9  15.9028121 362.5420609     1.3691401      -0.50888     0.2288552    -0.0337167           0.0           0.0           0.0 
